8571645268
6667560526
5891630885
3295219999
9183865511
8534285906
7244319619
8939681979
8858104940
4464543810
2202192672
8337598585
5683800856
9593959365
5299693906
9711929010
3816246942
7645370300
4728737383
9539123806
5045532420
3702173223
7631449075
7003668593
4845371702
8173000856
8431540235
4827049458
6945094053
3199887856
4306656311
1379279655
6985085496
9509927235
2363732109
4580208871
2523539885
2949959149
4137308653
7087090224
5259935029
2386661837
4423341240
8803458057
3327980956
5338013657
6255747157
3325728560
6885060287
1450755946
9630350842
1288920744
7651606872
6065250903
2884723503
3849785370
4825615063
5750082482
9324638317
4200301275
4780143705
4274252069
6148513654
5660221166
1141031756
3280971105
6160885966
3222707344
7623755411
9155718758
6922879474
6160648553
1745322309
6890763335
1340494338
8681095975
9730369721
2408817986
9332556079
3982189958
9061503660
9712350143
2068104074
7874371775
3444974620
3930150837
7494757802
7901626467
9051112611
1729514672
1537726335
4369038990
7077488953
1291141486
3767224330
7266082054
5367066204
8812508066
8919988828
6252660400
9269592019
6700334906
9022893593
6376773820
1409884117
4670224941
6602412331
7330144266
6229596038
7571004686
3298993175
2424715300
4039775585
2259116052
5559414357
3866049848
6009249225
4237422987
9035234372
1022964013
4505039038
5710334296
5243367946
4876927994
4443650354
9687972204
5445362970
1664952035
1510981471
4932127416
9552162407
5503659499
7843523818
1712915607
7435388110
6806164289
2932848224
6454879998
5315539795
8869028606
2002378170
7728660728
8774916661
9683544106
7627706043
9291884479
7914226595
7090076475
7684097614
8765520942
5044099668
7658343032
5920511107
3046138335
7159448823
8633927390
9673167545
9098901623
4926555623
3944996985
7873562496
7944489142
4320592980
5858024764
5164595394
6485485908
9726780592
5825980562
3598810746
6248693317
6197799203
9292469771
1857587887
7830926586
3552703714
9812279938
4766810420
4122316575
4960164379
1261353236
8421908051
5607542837
4761215704
7411331208
4963690877
6145849241
9562520771
6942832136
3946588404
7078858384
1687156915
2723639132
8361916767
1887322363
9466953452
2288503678
6131124812
5492128582
9760317773
3744158244
4220483889
9558399917
3096305191
5356928111
4666415477
5834570861
1155027486
1067320744
3146350993
6142494791
6502073326
3335282136
3322294828
8198680328
2139934208
5253428669
9577380360
4220870305
4666325874
5433908782
8824677393
9926711426
6528169170
2450765489
8654241768
2906046988
8100906273
9089276055
7923006597
9493684034
8931485398
9776954300
1724607632
8104229699
9129778506
8738104656
1232835153
6321612774
7128722958
8616910038
6438955562
1036886354
9478193084
2397001253
7160800804
9700680207
1361645542
9882756446
1529664213
8048350648
6288352538
7008772335
4572292283
3529564765
9634324237
3936701987
6316221469
8852763995
3764509970
3832316296
6351613008
6273607095
2236032969
3951262808
8855861911
2984099202
7172068867
1187519162
9307050487
4423470016
1397511136
6924825241
9226628655
6406144839
3968376349
3117888242
5722065407
7207982149
3847547137
1555584061
8581345542
5533675534
8898954244
7887666794
3153209938
3720454083
9418314332
1109421770
9046556928
6436044140
5302373901
9742276566
5097787442
2272440357
7653282039
1507886637
7394227480
8171519274
6867641111
3413428883
4142451449
1210810039
3450383620
6692737688
6265963837
6907317013
9387884454
6152895991
3637024669
3921095199
6233510082
5821806328
5253255922
3891902174
7221358730
2040873388
3205435277
2295053248
5446082910
2621901001
8692647957
7551086012
7475839877
2781498132
5404888451
3063333950
6542231773
4889117498
9867597013
8012518114
4618243093
2190824953
9209778847
4017258439
3166327075
9144318638
7811913041
5781006163
5871211138
4905918880
3048654547
1977529618
3999953098
4972379766
5182553776
8453460325
9301852083
3141169814
5744466752
6002013773
3368911134
2193920384
7287727903
6576299557
5550090162
9590027987
3162207439
3145217653
6572228844
8179818308
2810697933
4924346898
7947667302
4485683891
4441938283
5728775445
7160048340
1659751871
1051075532
2475627248
3011254896
9248578895
9311833090
9632147699
4519134773
6673754167
4442497872
2954646979
7455681073
3129400274
2957443317
3964507428
3557857153
9930968141
9286690350
3379462988
4723659546
8070781789
1063216170
7885951171
4955237248
6181564656
8726804591
9464559409
5853711744
9096572127
5225086026
7541111030
2878206545
3268620611
1220550763
6015698286
9503484126
1482962103
9784917216
2093711886
5683336652
3721683314
4346271552
3855542306
9697471181
9919845308
6296251958
1043410748
1768454019
5953690269
2940909146
1719471956
9560892449
1890969010
5241984483
7122430455
9987109239
9995027884
9051347857
1752092212
6882411580
2310759622
7421200506
9644446215
5464335568
8180676114
7642610410
4745713811
4676970429
7034045868
4712295107
4131730796
8731535938
3869080465
5055095225
2922051929
7662596385
1967389243
5347798401
5607346918
9215015040
1825011117
9870454882
9177712113
6706163474
7474587582
1025347384
8880680830
2269662760
6021678379
9272352683
7441195148
7382309039
6364870322
1527928420
6011249041
5407352210
3232481720
8989448489
1464380665
4064071737
3430881123
9833008099
1913263487
3660504874
3125173759
5770967986
3506811620
7569261455
9987173106
7047600658
8219360307
1445869538
3660612970
7523175116
7933351552
3309071925
4361004225
3269086406
2990163624
9129451581
1804086634
9652456393
6207524340
9141578010
7262109644
7076214674
3516374027
4798245410
9296763326
4750147514
6733274721
6046848676
7580567484
5857524780
8253918321
6262467688
9188759195
8918869316
5046166658
9038517156
9288844706
1750768543
1795033947
2674590866
8484964022
5758242213
9311077379
6774783313
8251714009
8570201531
3139860776
7600100757
3186434963
5045984330
2221285283
1385055866
3612428414
6295136640
9500641951
5281405471
5151485415
1723864163
6887409582
2976975443
3678260853
7605100000
1039516477
2085707864
1656596514
6407530429
5959470711
7068379054
3024132164
3383795042
6753228454
5833800783
6121586519
4096898677
9171900752
7173752170
3905298441
4101539899
8551957659
2371327374
3240964935
9894548432
2045705144
2031550568
4182208784
9974487558
8891501243
4843213196
9989673308
9848871211
2567459576
6870519767
3817383696
3113511238
9282585296
6517479148
9330205778
9925413373
8425231582
8302984769
8927723319
9799401750
3407054634
7036281629
1757174570
1069936061
5819156819
8157155752
2397631972
5933614102
2833627087
6301805184
9366432497
4913641862
2099276076
2916196192
6997503276
5687166434
5227125224
5973295851
8183004363
3452900624
9718384157
8432336402
8929670542
6100436839
1646206492
9312512825
7991449639
5462458693
4961998838
4766784859
8964316522
3916995866
3388991595
8196413772
4831539695
6519075908
7734089894
3785110222
7474792118
9213180604
4784740468
5120283293
6956887286
5983469855
6004342693
8040853230
8491986241
5229696424
9727148045
2137544520
9810474580
7984360250
8043920767
8998793813
9147650062
5672815115
8363415693
4570271996
8113939833
5916248245
9420613705
2019478811
1467996130
6977436685
9533625617
8893802469
1043871248
4029263970
3055361405
1669945167
4729938602
9314244984
5776246697
8566491844
1833521010
9198661297
2078299669
2420009564
4626459992
7951543022
3902908722
6977880684
4888056821
4110076347
8461210408
5736852405
8707883946
2339625896
2423189706
5972896375
8414490911
7401459775
4439883731
1519415335
1379900331
6235227742
8475786929
7261955669
1733268387
5099395493
7093218445
9117980341
3497606277
5695349334
7166563957
7188181065
8803796134
6872796397
3274739863
2093294452
1864284272
6282921334
8209774941
8304204785
8047374149
6130263889
2760414564
6631213389
4877793822
8469874404
7528073865
4662634631
1445631457
9089273903
5107906283
1386012143
8769943438
5340456841
8440652237
4440910990
4841089988
8172196043
4324562339
1722640304
1009106759
3028894545
2296101110
7299443620
7466963594
1531824088
5551938654
4904094921
9227211947
8820964023
1263155465
2497930571
9715632000
9404963647
5092057663
9466550049
2209794180
1129121518
4512319525
2968569032
3418521190
9915433131
8683734477
6819931419
3969863450
1723990301
9130539664
4723199695
9825489361
9235551853
2160403979
7995677845
2470929755
5898746311
3140038650
6316777649
4402298574
8538586056
5622729739
4696774093
9725504529
3761710982
6589339976
6556076896
5923936685
1813256949
4736484209
7373096891
2463858623
8861803260
3370170698
1829092224
7921860039
8369770549
5765832459
5672107062
6431644149
6922283298
6467937062
6741605072
9745964951
1193720185
1600854328
4213688356
4335039089
1557904489
9641732907
3835101325
9975073902
2709288437
9340341167
1807409825
4253788721
4024977028
5168187185
3246211849
6490461943
3123250945
4273978021
7272617492
1588954138
7464534792
2831023692
4238225098
8556646490
9202905283
3129888213
4377752293
5949496169
7159601814
6861774009
9788791333
8866610996
1360192261
2922476459
6388508317
6633264051
8550105710
1276765256
8818401989
1182496071
5845476564
9335876173
9624649263
1059407716
7882297024
9714094950
6940821378
3440193922
9152004692
7770269592
9950332239
1802765025
1550424622
7209531769
4092483306
9402915272
8817576898
1509994277
5860441566
3693102381
2950685520
1434972633
6168102703
7297786832
7966282817
6819429676
5270297579
5100373772
1072402748
1164974891
3118672284
3389745830
9505533660
5489743123
3912179955
9051101816
6110249694
9971084505
5219781939
6418952856
2231798109
9567377004
2356793315
3155513491
6981349265
5944496781
9312314941
8141105168
9480498652
9906587430
3482501553
1231039673
4071754425
1190389704
6615569182
5612591321
6175249353
6324054351
3982734281
7395365873
7217124773
6598293320
3334307047
8232179394
6754681683
7354743021
7362392550
8336571393
9819140394
5578230795
9098699613
5540884827
5008508751
2137085189
5082944715
5303691937
6969995603
7908040571
7902034864
2922765624
1572501164
2234773644
6697607223
5818214713
9405968398
9179302143
4792065026
3497863842
9065413915
7394878603
6016473369
2203889499
1757727266
4067189610
3586399271
8125596459
9412631792
8700154061
1808456185
6369431653
9613138533
2284032148
1290936530
8052236223
7442749757
7184879969
9020695319
3165279130
9849437693
2578269870
8108934770
1914163123
7178711092
8327636574
2414408961
1891735731
5720540485
1662964437
1651564915
4004406291
1600876702
2899632860
3992256229
6038875905
7143840429
7095969919
2590420341
3918929928
7319049198
8319380766
9901404384
5382734119
5531998491
6196857145
2405336842
6464478272
7614086986
3910949769
8969188803
7190117533
5010505849
1509586282
7322527523
2886564794
3114556068
2249861130
8137955599
3254370878
1207770979
4448988802
8947736533
1581024499
4455863507
6120625326
6606097811
7576211922
8418334888
1236574860
6491270498
6935872572
4290491673
4480540625
9999023811
4081273240
6724044634
5730847637
9307527743
6900014901
8757663278
5760324554
7418237018
9257851807
7165553529
1135670760
9025705090
8770197624
8262437778
2399978177
2587913867
6312332893
8730604992
5740042736
4116381735
9731470289
9654295113
6614048972
8292370097
3129180346
1402923877
8826741332
1474238303
8990700000
