1391963890
9492350704
2640027632
7196047567
2124158643
1242182368
3237268061
1627174846
8902489331
1012041359
2385067197
2596051009
5051476751
7452617597
3450301409
3114901659
1575292739
2814734938
5818110178
6044546535
4917280918
4752962906
1601076488
8639437252
6634984928
8683358506
5739689389
9786134894
7891392680
6062669161
5752459879
3500078814
8456784054
3016156689
1165569160
4466417349
6897877127
6884294403
9495408297
4966553520
9992911624
5844021366
8794183671
4612476254
1243229995
1652066804
2462501991
1920292053
2792430967
5137828467
5838049583
5416969291
7331328430
4601410220
9367604126
7289468042
3086047610
3396980464
2268329074
2752822668
7341710821
9564260988
5580814184
6663926470
1368438428
1394981613
5949246505
6889533364
2518548638
5110994408
8686807012
6247464695
3117204072
5844813982
9706963552
9398908077
6063782772
4527571603
2665676735
7730255589
7769458996
2754838757
5243750326
5727244787
2647764702
9465031922
5965124665
6971935181
1285684663
4956761242
8601812409
1824259021
6427634345
1855149828
3973560582
9838303401
9925970294
7170317280
6477285377
5388309130
2544736620
7252614889
7320342486
2498408441
1017971773
2856618490
9956735554
1866740799
1827746154
2239483653
9101961360
6736715147
7808034807
3092131076
4192926377
2658483535
6876125466
1947138490
4072324538
5368091103
7751535733
8089267311
9351891846
1880445333
9433015334
3524336775
7011453975
6897057669
9643470190
5498298344
4331449168
1411033440
1375820316
4548195000
4175373996
8783085102
2400823979
6597956048
1143815441
5059233581
2927637594
2441771363
8804683766
4200078977
1479423957
4570484009
3659583647
3652633128
3720206325
9349670089
5589140893
6553470403
6529081701
8301838798
4570699318
2294202104
2133964696
9767461783
5559754414
9264892031
1848352538
1817869980
4080902432
5556872235
3204884484
1160113988
5052068667
2171372298
4138022846
1513660132
5981593723
8845743646
7303744545
2289176713
5516042500
9007907393
9139975454
1672125612
2082706850
5229748252
7720688359
3626138128
7182369234
1895423044
1448494552
3886688053
2894748552
9725932684
4172557457
6727919868
7710448694
5909603230
1366601914
6551061595
8984612988
7141548463
3276800130
5904352471
2128816002
6448257614
4893212960
3254070687
4477186856
5732750180
8821861215
3795794937
6152135472
2935500361
1934748511
9033679498
6885145974
9101492350
4419783572
4985039752
3385206770
1417266426
8129816257
1980665411
3236942257
8802403499
1748961115
7476178732
5910264122
8645040967
9882250358
2235303133
7344348404
5792817990
5140075644
5494798853
2096977827
4433712207
4246487290
3736947289
8573107137
4411026880
8507790359
4429867785
5830119719
3874015752
3084776213
3717478905
4954866240
1254078513
6043592812
6325745040
1631081716
7380513592
3346739878
7206268338
1283920185
5008033074
4481904152
5664718517
1941499657
4224508843
9846272849
5411850889
6102364350
6294324726
3169047639
5524122399
2185049615
3183023763
7482094422
9841040840
5440134122
3646473339
2594711204
2159995379
3283175110
1178481506
8843955809
2814753815
1215262130
4922261778
9042526950
3871970398
4373474004
7236723312
5589262146
9631021214
2266705194
8944949166
9637379443
5342964028
6997208027
1695992114
1133529327
8709268782
2337563885
2127416595
9495649119
2092512308
7990953869
5365265630
5597425278
1012980753
3246592782
1849034769
1127892605
2750471846
6037975950
6074480863
7787380632
8483179760
7589871797
7007059587
3783500146
7475737036
4871341018
7305603876
2402576456
9636908417
3654336127
1994452478
7960304835
8100358848
1436119468
8212511717
5397228649
2770213539
6087064387
9311326867
6724768947
6155320652
1035247656
7629586029
3589141545
6480769222
4473324856
3761193405
7945563176
1333483494
3524608893
1249923684
1348829662
9525310002
9139326285
5404186177
3215879664
8182252967
2949653426
9879334109
6879872769
2721289273
5821390005
4627006035
4375391787
1646484991
6703182118
6564010001
1988960941
4359471037
6849933263
2785261570
7783260540
8067738823
4578073941
1788401636
2208551902
1903137743
8262162049
7240035977
5955340834
4310005495
6867318131
2301277453
5532067662
7538935392
6653863763
7048784192
4050488732
7368005143
7104345800
8965129910
7729670034
9628490122
2197000311
1303549144
3795767954
8781185046
9162518645
6009119090
4906904502
8805508938
5522041615
3126260603
3721685015
9686777306
2700869966
5805620512
2580281916
8027349673
9939553891
1810355875
6961903819
7803194286
2236529849
6917716144
2496689972
1939219590
3238035125
3717109543
2470058905
7771254121
5000439120
6963793484
2985710800
1366231432
8346815904
2514689238
6290818856
7629157574
2392314070
7377177616
2293901236
8496448646
3983633095
9761213395
7158854570
5640265392
5630699242
7649606181
8732869647
8682194099
9705062930
3232235828
2142415787
4650209248
9532407805
1666291135
5995838268
9410024462
5274774212
7337084967
9256411006
2351830694
1212141780
4378197695
3028995148
4613984475
1174084912
7138140715
5237647945
4259421259
1373326761
3158783354
2093618139
7212425433
3056493809
5537292891
9541222792
1601543785
7391903759
1497376898
6513706731
9330932963
5207183006
1688668385
2635068430
3087206949
4610401143
7405108487
8815741438
3750190092
9232250810
3310852837
5580128090
7178825755
1357929550
8382621560
6982344510
1821442391
8188131608
2801848963
3752338732
1973269954
6341031843
7223828258
4589217812
5915708172
1534638872
7365894913
7874928363
8989182617
6349903729
1065826535
7863743742
9853230463
4168307144
9406329185
4575828762
8630602980
1910187177
2582590504
2670787928
7524245113
5911073461
9903561809
3331720987
1400556508
5671940680
2042645491
1325403545
9277401719
7751914800
7915997400
5980184916
3520092497
6066507337
2218721015
5184159897
4106095484
8576030453
3666818637
8281090731
3386144756
8256210782
7847817550
3797884842
5990752254
6388089830
3549042001
3537147767
6008305412
6688068518
8846071022
7728585277
9974430713
4989677499
5898008461
7349328165
3782656894
5848453724
4424894520
9002857511
4164123286
5171434737
1630588661
6329304439
7900875275
2548212364
8224712277
6875336351
2859578212
1844664087
4186227848
7397217280
4194532955
6408072706
2967398225
5667613589
7035294714
5827358105
3056692553
7942170643
4933116829
4970088391
4031625162
6328312860
2196351498
1468968418
2006864693
3312226205
8775190656
6617795183
4268968350
7466671927
3210583869
4760060475
8930717186
9860558607
9878101354
3637815933
1436481317
6740003263
7836899598
5642370652
7345186371
9836643547
8340286386
6421044223
4422887966
5628888075
4084642723
5054583558
5189687363
1322772935
4427264088
2281896759
9779439717
2601055121
5822051570
5625712058
6562908016
2914267886
1211514132
9962057815
8105289034
2569238198
1765452715
3146435460
3083489496
4669034944
3834419903
8750784898
9712597174
6492800631
7747756903
4208600624
1829776244
1724378869
8112934025
5675582371
1158858432
6741866043
3265131739
8180888364
5295936614
2622625366
2468180968
3770911564
5756148087
1805604640
6922963609
4186770946
9850509824
4696201384
8675008060
7536580020
5916910712
8406602652
2975282350
1628746783
6330224223
9933965441
2913621428
3382315278
9995510149
6815859173
6581889984
6952420417
6357277603
6347568466
2546006015
7257302137
2353453344
9422031926
6575512328
7625985234
7566152594
4582544407
9934609741
6420937774
4594389870
8436609455
5263442906
8504854531
7270404056
6771595616
2680085351
7156718565
5562171839
7555851367
2969284491
8523475888
6100213004
3132327102
9606873269
1674639217
2958720464
1991868542
1009161738
4071239480
1487233233
7020539131
9682775681
9681773205
9034882130
8270256337
1259567259
2185887806
4142814225
1944010856
2094853303
8654327909
5384818754
4162111671
6234560930
2148895043
4985525190
6731103700
5791204913
5357318564
7661027350
5908499167
8374912672
2358967358
8212411853
8183072994
9399832610
8437984837
6953925705
6693087055
7014086722
8876719011
9614418570
8627328083
2114203221
2509339359
5525330011
1881140942
7185272354
2624212349
6951841020
2144722726
4324983201
5709727119
5366926741
9958831067
2491016452
3282580683
7796609693
8316702664
1818308393
7960485508
5873746059
4137231735
7942437847
8345303234
4303042722
5204278048
3882863617
9967744740
8699285889
6325907810
9527776407
6808710838
3112279470
6633690659
9638649755
2207072281
6692508109
6159815997
9597266855
6661581472
1495314571
3594261593
8867358413
3577444533
1864996407
9459447044
1671304054
9947529071
3901893592
9006895641
1533321677
4167085351
9333342507
7388028598
4335387845
6875536710
1104622922
3785399032
9406848263
2456734088
7982550702
7151450052
5619894934
2189498485
6563484604
5454835942
4165009542
7399453261
9343293942
4227604515
9154582368
5810089148
7037870074
8426050045
7092708393
1176638858
6387906169
1415348658
7775962589
2366790912
6917334222
2435392462
5142506399
9509121045
7385866579
4017136498
6523675831
5580460163
7125886790
9449592765
8472254440
9507987690
2160575808
4430927132
3967876064
6243998155
6295164005
4045173754
1535840254
7172971628
2274130477
1768512721
6438670503
5564968921
9134185121
2012310860
6167804556
1048892096
8788407405
3243219759
7018770154
2381346386
2118094681
1555393013
2057469770
1275346280
9912693428
9341196086
8541045715
1404870102
6027551136
7725915920
6559560630
1443916407
1692367262
7849288349
7531017227
6794241324
8979075038
8980991306
6560807060
1197526140
2505570765
6223768454
8317138524
5897485180
7363260102
6348417043
1066694202
4524252644
9265803589
1770248511
2406620616
1374778257
6396752530
9699182328
6208742582
2210925615
3275926164
4606248472
2458033200
8530425822
3754404284
5863495692
4971149912
9658789916
6314293828
8905013529
7381478010
9918789443
2286122473
4550816969
4126552239
1905679220
3164048181
2320604376
2285831114
6752974006
1105578014
7048620407
4572641313
5890177680
5800209775
9165020303
3883288064
1417107931
1362668308
2691194469
8224748966
7749301458
5116077692
1931531556
8522439061
7072675587
7832138028
1916298069
3928552474
7687540812
8512000993
8271194737
8159510861
2483761711
6573842210
7440673947
5316487152
9285525125
3976329728
7101960777
7674979527
5135205832
2900732882
8192695243
3393167391
5018350467
2460243502
4725077871
8542820997
2859219604
9422166495
1711917874
8180112336
4968367351
6061839581
2710760068
8297898638
4462748947
3876236327
1879396136
6049124244
3597845730
8822042571
2425977825
6295470403
3446167116
1546243388
4916369556
2194983812
9319976666
6325330369
5779967329
1272715477
7132214498
8573459603
3713888284
8958208504
8689138869
1931983471
2525704634
6074756713
5914610209
5586846185
8177664655
9668205961
4180553484
3644955618
5253834671
9592760201
4323731760
6837167284
8460919619
2533984012
9061907949
4648458992
1709041363
1075634765
6640459490
2093828573
6058496984
9466827576
7193610103
1319795461
8423832865
8034956727
8410497382
1368477503
9129998021
6351076625
7842108576
4733002869
3955102291
1049532019
2885549091
8612305363
7861873649
9058330806
2589902780
9200523480
4905882658
6707144048
8132177878
6084895601
3317018644
1918606312
1284064778
2771088944
5358223421
6364084604
5339991912
2161043285
6268202824
6161998555
1958713256
1871687595
6889956767
7048974393
5525984673
8446616486
1418263676
5469936985
4294427167
7368969955
5222144948
6677023087
1336536881
9586028305
5244220504
2882947534
6159525934
5885710566
4819391976
2372326758
7833223391
7818806560
6295160066
2402641848
8403684928
3618458055
1601347602
1043391086
5436400749
9304895754
9423309309
3538890857
2475452597
3849571164
5033069716
6389296444
5752755961
4263807168
1930828511
6930001257
8803210572
8392584103
2282419455
8086802764
3167598825
3887771067
5058232813
3137963285
3758334693
3919734445
4201890842
5767778607
7117771977
5283133849
1148779214
1026155799
9183295890
5022490159
4906889376
7332964430
4850653911
2772379105
7480543325
1000854699
3749739189
9380338849
4885580317
9583476798
7823368636
3893423928
6660707513
8465475998
3176909842
6396875052
3120624313
8955057721
8770778708
1426334729
4767847321
5904157931
7274972772
8135436258
3507309226
7181171035
6642606709
6682845181
7717109653
4923411216
5997941716
2542179123
1150120396
7768447017
7568341728
8824026981
2728028595
2596199974
1909978847
9650761746
4181537203
6710315051
1482022890
9329300933
5923399938
3642432647
2038885233
2933658688
3015154748
1776295410
4034829369
8723300929
5755955739
4829040775
9362961234
1919433813
9847629138
8080669179
8904930003
7404144889
1869788424
5399375466
8852924060
5894805930
6621427782
9948666899
9814856808
4502385160
7634859168
3735560761
9140021549
1837929947
3118114843
4004404383
8841944886
9585052523
6591074056
4302540537
1235356278
5909888749
4202514230
6564268585
8112997166
6814047160
8902056822
1636855912
2412266214
7377669500
7853790416
4346376983
5398029770
2031460717
3170639896
4276500204
4889357246
3928801472
9687627124
4941179944
8590254540
2488711446
1376669669
6024264367
9912660931
3025806637
1337974690
9739982254
8535900115
9499816773
9965290622
3400062813
4516970499
6339990486
7280589711
5846302301
7961684750
4469912087
3408789247
1180576988
2237681677
5738466531
6729860943
7299172216
2159601355
2761569002
4178001643
8857572143
6190800601
8631262020
2738067487
3054496786
6958033341
2215939505
5497731875
4612061890
4697399304
5187739616
4290519400
8923396205
4595230660
6418785387
9326408997
3948468737
4030463254
2632276295
3090571624
9883121870
7057661174
6699356523
8601444871
8016603084
1394100408
8792651591
1722471081
3867988512
7687230017
3758592576
9493252683
1308073634
8489110903
9298013191
3879102251
4781019226
7061145721
1785210877
6659273756
1016199678
9963988282
5762379914
2857420670
5292215776
4961212589
9023690158
6909983812
4402953460
3018210012
7982271742
6314417620
7851225998
8631064768
1657142267
1781607477
3857785948
4299048872
9430857442
1386476801
6789566117
3863787085
7998650132
9226316076
4226846925
7646447719
8640287962
7997486727
2247594076
6263963604
3147093293
2521802168
9921915266
9627102988
4309421061
7949671009
7382127063
1866734613
4831954873
2044908248
4632225875
6594859639
4342432304
6273012920
5955927095
8934192248
7624352215
5767769888
9120666311
9892333054
5962358925
7933055287
6895959503
3996618188
4452961124
4346457923
8265987562
3690262264
1127759015
9484966741
8180251261
9917411856
2588047340
3349161336
4775069007
3584903893
1363989613
3325162619
5469981285
4997078915
7757632133
2184733133
7652031259
6188251475
7178180616
1826060899
7573734034
6807886034
7074400135
3908676308
1537075212
5924497822
1885290050
6892441226
9769210562
3308334954
9429373822
7877995909
9689653633
9562342811
8118593857
3198235333
9282410342
4307293531
2824527044
3624971375
5672923859
2491719067
2566020069
8504927905
6666719891
8885244091
4878493727
6487758993
8822051951
9333974318
5070323118
4984879701
2847767529
4620862837
9831618475
8307180340
4932887435
3440844325
4176842400
2036242763
5188262818
5750106950
2104133727
1860890957
4592265261
4939078180
1890854170
5067237860
7821479854
7628899585
8023960612
7155659551
8032148366
7066780331
6179138721
4758816954
6263545532
4716807468
3380107545
9656554746
2877230165
7244184201
1443698712
6068276055
8881606651
4305916484
3652155388
5154541359
7938143114
7565243712
3016018121
9960961313
8001665599
6962713205
4042253715
8428971465
6349735217
8065742878
6675004930
7489300409
9322773750
7122279245
4749664911
5219046927
6005336850
7329536137
6860594178
6538559136
5963240340
8755591061
9866489184
9660785979
7955556266
6793413065
9299276166
1825892267
8364800816
7760571132
9722351699
5523693367
6103521466
9202164488
9962121377
8411794017
5139671161
1838137214
6452000309
5344196565
9027953725
8411420998
4237765230
9783821524
9600179431
9796132434
3591446635
1588584269
7545018936
7188653365
3821945352
6051074573
7894029943
5931129255
5430002148
6729266642
1596990541
6041466479
1785184517
4262896742
9836596864
5304981300
6332418076
8310803311
9510938535
9816414425
3443441396
7425856826
7651117376
9247532486
7038855027
3691614198
2758134496
8833189838
4915880776
8908123431
4184876173
1946568933
9145428163
7783461193
4040582705
7869807214
6802478822
8299978512
5169978130
6544995557
5448556174
5575809903
4651360222
9421211001
4872463357
4618430049
5946483359
3791401138
1464612864
4251223029
9082402492
5083875286
2487349827
4867500352
1933398371
7185973248
3365807207
4112349346
8658403394
9175716041
8790169217
3545877345
1753079034
8776864233
3425342182
7443835924
1289908982
3074875036
3337407086
3286297098
2970052928
4070139378
3279822027
9299541822
5556751287
8122771416
6343537068
6860040198
1815264405
7578839555
2597549732
6238765196
4149338614
2107822194
3508704885
8824521475
4863243271
3693581220
3602809090
6991150169
2942319277
1674124744
4693816194
7173616127
9942096278
8117424344
7176337444
2296579433
3004641746
6097295805
3088541029
9850500678
6546433997
3234389286
7866571776
8113528997
5140353717
9854147092
3616500718
7148338536
8610508785
9912314160
8300773205
8047370812
8316410459
4905955396
6630585217
7251622899
4392061011
6068914392
6697633003
8338224125
8428997302
2534013583
4317425411
6260342975
8088899567
4273322952
4985662780
9209168912
5632395481
6563902960
9916582575
6643055197
4519215185
9885999788
3259505975
2730074909
6441221582
5861889050
8263450041
6797518294
8959904271
5807969675
3914564732
1996003453
8192151607
5024375679
7791276566
5885428956
3300380608
3066665046
5875588055
6833387489
7119657107
8737784507
5176788631
6270198299
3391182954
3511970831
2554632984
1178138513
7989389368
2863575901
9685940481
1791710716
2679607419
8725038584
6978942908
5276138102
6161633382
8829961582
9721280922
9977006896
5813538866
8335383644
7967382366
3338656187
3506759991
5671013224
1197775138
2203525253
3575254519
4860066723
4884405595
8453003317
4036439595
9819573656
8240977047
4604533002
1893953395
4865971359
3614286328
7073171747
1330579753
1881850179
9537269682
9700831378
2334311082
6994198879
3753278938
9017846532
2361952623
1677096959
1159710694
9198319124
4877489810
3070493338
3117789946
2566201944
2534928875
5161807043
6886323269
2783748086
1668743276
7274976399
6255496835
4280624874
1855109665
9365313321
4921421134
5377219879
8412204472
5105812381
6822710371
5389664000
5830952864
8105523710
4424512330
7784865823
2094651838
5682818827
8479541341
1173813212
4653198943
4370585748
9298748017
1838997631
7807359530
8344215102
8121847809
8535248768
2358438837
9334417658
6829725759
2065808191
1396311794
2394405977
3679625977
2907495949
1118222266
1837541450
1420861563
9380830220
2793125134
6482924610
8892854765
5339508291
8741583929
1266714938
4916550036
5919817472
2009332694
9454005488
5783599524
3970808137
2087494783
5460213915
6712822553
7465450702
9950919932
6762031571
8320397883
9931666847
5449458068
9152617855
8489941720
8826918702
7848537598
6655748967
1760258530
8011184443
7714285306
8562260622
8628232935
4484273223
6602277360
7534770085
1114052651
8166843709
1818544427
2198467854
1220850139
8828286279
5049196472
1323433304
2436511082
5980967213
4735482529
8306136074
7712298519
7692220799
8520843552
5071121488
5473759546
5072813762
7702847648
3511010584
7408793809
3132827190
8714427430
2571106392
2531783558
4554425837
3301835858
6579784239
2797636921
2495067940
6055775577
2869714648
6451413975
2617868201
7792021868
5703750244
7431260512
4540116625
1089537974
2794187763
5162546197
5725421896
5765811134
1945672223
5310553968
5029702260
5649769548
2530889245
6567493657
2910799907
7374182197
2519704546
7990171680
2101469484
4350012517
1251387736
6603039511
1874878935
3891203046
8951429548
8681762567
1243513811
9622476048
6348497099
2407824782
2173889404
6831747222
5069115589
2264125461
8958437196
9968934583
8162058292
7602987560
5917052023
6329756671
4212658868
5252750159
1423744648
8717347886
2236262340
2714427824
7373009837
5720024147
2567936092
3101294864
5764369334
6494526233
1073300573
1251836547
5234395138
8470606064
1295339988
4398886367
2469524736
2989683783
7314490073
5495526703
9804080931
7138658777
5145423624
6185317037
8304893985
7001564151
7259352431
6809158841
5947810029
6482381663
8524677451
2322591478
1048281604
6567624510
8788314823
3651116711
1959159004
5182134685
4416905858
8932823566
7935097513
7179313226
1428373207
4389765510
1844413276
1430506216
2957861588
2051976731
9366785368
2489830052
5595910147
1898877046
8807659954
8474366003
1023084836
9992931347
3771657063
3979912605
7618834828
3699518487
2035043424
9284859620
4032979826
5960727198
2850204531
1846174652
5015971849
4670585089
8648123861
6895530561
4957701877
8584028076
2116617858
8610547355
4356284802
7607079646
4349357929
6500227828
3294610999
5231805460
3831633408
4819725043
2787838784
2054854928
6885571677
3392725356
9549277739
3324934769
5520700745
4593693298
6720197947
2586738172
2471812692
2658717591
4102680446
3122996802
8863770397
4530226015
6935984907
7668202236
6800305273
9290203801
8479443165
2166715757
5194244500
9213410853
2264692953
5150221873
1091339583
5119256520
5875548052
9811110943
8041748020
1339184139
6445511947
4423867785
2551568173
8574795738
6579940533
4082933415
5507319408
3134690677
4417567499
9205868989
3856381190
1223596306
5659888051
7502137730
6577310346
5045125059
2171088339
4531708290
7980179330
3068194312
7027286172
5238919702
6502656528
1475464762
6328879565
1533735118
3709277415
1490856137
1123776482
6107946534
4010307328
6086444495
4074513020
5096477794
4088733214
9684605327
9359248981
4355212401
6010634938
7654961447
3150087315
7316309988
7979225480
3886620849
4824332746
5561832429
6661803036
8301809274
4738055076
7944973816
5268924695
6371034595
6910398287
4783420915
8943162665
5471538513
2952873768
2640830346
9871860888
9671370399
6316651152
5508576498
2873862333
7109830541
9220138549
1343968631
2749750036
8267800749
7315096979
9735528823
9771650114
6159826184
3637049939
3428338424
3430772869
6645041607
9617043670
7889173265
2468146974
8781426605
9241640613
5970476046
8290134898
7243324615
7170885234
4987356685
3967538670
6717129183
3266671240
6771325977
2913011991
2824903283
6927779557
4653135368
5613693979
3042926410
4387301904
4466691103
3853084616
9705124229
8052899518
9905330165
4173332824
5088125644
6586490911
5578028129
9376748084
9095665271
5558689026
7556681018
3146374046
2339637307
4962088620
5742718215
5329445064
4455872952
3220174615
3976681935
1012022809
1801041782
1731019099
6835434883
8968830272
6656468589
3165443328
5530982793
6576574361
1109600899
3339122381
4990496991
8317153586
8852893205
3223529390
6801921107
2242170928
6030484623
2491853390
7798310288
7356520660
8698806511
3888846522
6329450844
2071392824
7034431377
4387338948
3249142147
6186849848
9103399945
8684985311
7607096383
7657410554
3093880251
3617620053
1057853476
9468543503
6942915374
5680567869
8188599608
3962968721
2232279657
8914155976
5694132600
3341014882
2409421010
6484542185
7953693739
4074808606
7277147169
3975581538
6263483154
7649759587
6840652648
5423647539
2820684084
7474225590
3323394781
2121429071
7802900362
5871621955
5859121860
4313965187
2190269616
3425626535
9183530040
6942747596
9287902803
5601625154
2110891900
9290727226
7207098076
4341385582
1638035800
9801043227
6913585523
9895551152
2721587344
8266537166
3509876808
3423486653
2201367297
8547210346
7881416377
7639135494
2632570010
9009084027
4497685912
2160279341
7173895195
3768767441
4666235911
6699390669
3127046401
5759103700
1299438690
8363827406
6401154172
8568252407
3645731197
1551515928
7869619793
5490760698
1597248252
4134982741
6719444081
8040560729
6820581768
4752409249
8878416781
7520040517
7005973397
7558730721
3473484971
4251656819
1763467382
3077459115
5733681962
3622255385
5593285795
9305602743
3393420162
3161500036
4916258011
6320860397
4546265892
5241452037
4092087315
2620682494
9349843080
3074705544
1828441531
5004866200
6466839699
8426774555
7464527312
2635790729
1979478847
9502768150
1583209596
5035782883
1942773514
2873049371
5949857804
8027344367
6352171608
8058495079
4271913236
3205843969
8487709572
8048710627
4483949938
7987474528
6368200172
5071966025
8914951621
2958843957
3513576373
5625338173
3520235876
4267635583
1781670701
8527905498
1372058966
9813489540
8237238080
1332769770
9416572623
2765017517
2515852257
4824825832
2791721660
5633539646
9963523846
6523929406
1893154812
9153711101
7618515419
4479877213
4465125601
3025743654
9821974417
3738180671
6739354157
6906819448
3760654046
3232480935
1324278126
2963703636
3791648329
6732273610
5452202224
8089113227
4931744570
5048253861
7284523270
8873455098
9190457394
3260731980
9047635609
7834366970
6880761938
7664452501
5888750787
9849425075
5765250340
7873498956
5694630401
1427711421
7903444095
9370164860
4800547784
4752385840
4633996839
9513293465
5400882085
3523380748
9887789290
1604998100
5913763875
4002806941
7135030035
1702486884
4055563015
2870479075
5662176054
3981732437
4678816992
5606245438
1218409104
6705528053
5803838687
8897085048
4746820924
2417792205
5234980243
1732823999
4881425439
7149682975
3279522090
5167863852
8333455788
9273302491
8981741394
8136372904
6116176421
9858357360
8036050677
4097182231
4003611300
7805586929
6000655374
5570837304
8097400143
6840309299
3122595565
5609531788
8143507584
1320548790
9592126892
9738126695
4667623624
9543965850
6436030950
6690483183
3843475578
4758166613
5685624129
2238232823
4113581779
5943453257
9758282165
4423930830
5292542602
8806447515
7393273983
2477352783
9935236668
6333352222
4535745583
2303662365
5098279492
1747165743
4277419100
4624206309
3503145444
2639391342
9158618996
7342826723
6047986460
9509974275
3842004536
9655425305
3758539484
8903545125
6141920243
9405868762
9717708612
4730860012
9383638196
3986931530
1637056214
8804691462
1953970101
8238178778
5457935719
7931960219
5530389785
9976453380
3114906606
2360812875
2594329070
2300593531
4419037074
7627362163
5772117559
9961063078
1297385940
5721758684
6286608191
3369973332
8359318366
2118984376
6155392542
7205610899
4825617214
3042439502
7184280421
9670673504
1118388064
9386155483
6258446436
6509389625
1909252794
3339579718
8650654737
5922129549
7907575711
5512196534
6624100436
1606728523
9630363144
7689646052
7533009573
1114641640
4356224178
5189084958
7799862785
6540385647
1126706108
6634109006
9800645219
1197976420
4182900410
9703604488
6195015912
3338304849
6557278033
3028168435
6626674915
8265882372
1024671158
3595035969
5850752783
2844006162
3330612811
5886025866
3018529739
1035642614
9981222494
7939561834
9554972990
7408071036
5498513991
8997050702
3844755569
2430959220
5631474443
3316855848
8880851333
3460276620
6961617261
8874408459
4731569635
8845131886
5678153107
4055530080
1327988374
3031063739
2055036445
5370233230
5958508583
9080514886
4435307549
4150696314
8687149174
6142193522
4533496914
2724440857
7464628892
9495131099
7811382730
1697540305
8675707296
8751325745
5628594128
1873564036
3753868063
6767590675
3856826245
1712117670
2641227243
3098131863
6307601048
7678724385
9651077921
1517264117
4244720553
5493632759
7042881752
5052995126
4546949615
3409847315
1028768665
2388511099
6462967415
5553825657
6340613330
1267503127
3791481690
4093661629
4204254697
1085053500
6679885487
5883803972
3125293122
3160296751
8766751144
7165814314
1446059985
8276959411
8529590150
7252639960
2058855709
1372400992
2392327854
2902910517
5912838972
3578094848
5973140437
1004187236
2665446963
2475515946
5505578312
7453982415
5865313345
5505217453
2312871975
9995278396
9685649356
5592610447
9501177561
5508008889
6319462250
3025956096
5525193412
4793561261
3570748644
1106805340
3134639248
5099389840
6789000862
3846669907
6023491797
2313260217
9623885113
2578803136
1865348648
3570477241
7766374514
1143908112
8948595428
8939450760
7642376570
9433936912
7918572103
9112861281
1121935170
6651512957
1295176234
8109180503
1292313113
9737310371
6457706845
7826847843
2904222802
8224680776
8874034469
7030306808
7032963412
3983847907
9121757435
1404441291
3767592534
9773326574
3504237087
3208737163
4628054322
3633137703
6763058361
1699652470
9090077552
2518695756
4763149443
3298567396
3881268160
8891983196
4062608892
7615078014
6790935317
9730745303
1474326838
6832952673
6208094946
5249370238
8381016402
9284983191
8975913149
9855179653
4174776625
3906765438
8020612256
4117629096
7280567412
2161031743
8649098130
6941071758
7356355162
1594155851
8275920589
8317324206
4417680593
2736371415
2929195888
4966939940
6980418683
4244566923
1910612311
8344032766
8284566276
1021903121
3769967123
1257481712
5077980538
6181071996
7454779090
8161784190
6407453337
6104756750
5066825748
7262053351
3436411287
3346858848
4309494990
7325952767
6618854604
3799550870
3120966812
4093233284
6855408529
1526154582
3165358291
3662642603
9754079298
6158043103
8635872653
6402378253
2075116116
2034819956
9572422863
3579557681
9255766753
9658178216
7299366575
7441932191
1214052396
3518670066
6440627096
9937264846
6694348761
8877396802
3208609091
1980115516
1378048801
3050753290
2242787934
7657394870
3875072969
9794913383
3399889055
2085140191
9854990359
6493744648
1133163113
9249717917
3190305002
9843276975
7375238908
6379792432
2504071777
1425181010
1476500994
9927159459
2863562687
7639899015
8583356434
2532254345
4252961270
6795223033
1571472302
1980828062
2830031472
6994454584
2952630357
8102212741
1649309447
4344334674
3698968254
6645044791
5303528122
4753535186
2925961018
8014723970
9086633551
5238356829
2088760602
3786928735
2090782244
2644716967
6252172426
6482205223
3465001503
8439014759
1542053102
6901007038
2465072393
1392803690
2021976231
3302247789
9031503654
9558701503
1056959351
1316897191
1859305343
5812920110
2879850278
9082074693
4487147901
7858563319
9915808499
9131981177
2952742127
9817971105
3450499947
8468369068
2146212563
9946562880
1750947434
2759528593
1744523100
1889738991
2714737839
1120258711
4216070271
5222801899
8808861374
5608131466
1915530130
7123099596
6359106838
5583876449
3783912895
3787697198
5617701223
7479088832
5440755089
3800596726
9533889430
8599991049
1724759759
6598165477
9708281961
9736922514
1791510192
8953590062
9856364044
4702936930
8711304189
7920703526
4960694750
6499180978
7695479192
4370238355
6846881957
9756391446
4388229601
6796793514
5395192997
4506279172
7681845733
7059344342
5833930464
1568284841
5198986527
5851717111
1514885551
2410183672
3153994944
8989463203
6942402984
6461628746
4617331549
1541371445
2586588539
1871796191
9337802169
4885284146
6786401530
9237342847
4847136015
9889849446
8232140182
3709177019
8501365074
9773511953
4572285562
2467954449
6373881678
4206942278
9435788955
3568661108
7329891626
6147812571
3579519686
8962097699
3466784629
2951887688
5669926023
6754957032
3917087688
1871966893
5886028135
1995267719
7479427984
6645501548
6776918428
9997658254
8547551386
3639539023
7823398082
5691899530
6142471585
5059109246
9038638072
3871650265
7528513948
4182040038
8371202176
8714108533
1465017991
9518778965
9234779733
3289203183
7766477231
5400168778
9983541763
4733659312
6720213045
9511819587
4305036069
1074920852
2110867700
3648231701
7523640184
4164980189
5205303990
9963023828
9521409546
9639467114
6602699830
1976350936
4846089935
6146209805
2412469755
8457382396
7312782228
3511987509
3689944312
2566706776
3139256592
4397646851
9109490239
3432868474
5574836551
5037326284
3463079540
4483393447
3638640557
6288073842
6002854883
6504199961
7699705433
1076530492
7839562115
4072638326
3112184681
7531806696
1384523006
5598613862
3582360193
2426234077
7513005515
8317707757
3380994054
4807878786
2078756756
6652659282
6801967019
3449736966
8194032665
1088942641
9724074350
3614731755
2014496009
4325759712
1479885122
6432425574
3054912558
6500870800
6703189173
1903613894
6182825682
6565430441
3905637780
4639673407
6606672492
5350044380
3181645069
7334426840
1094052876
7099130368
1474171091
4520874263
7123848726
8756926024
8299473311
2689434987
2380473642
2795892120
3366347031
2812948625
5086669341
1730652837
5970722299
9416757478
9017368624
2804739952
7079671597
7920339417
5619740422
1357221064
9922456596
4494277405
3544837234
5549456632
3411071114
9193057273
8408469713
5143467364
7700467753
2954421317
3609131426
3266375724
6801492694
1140445632
9634607060
1446554163
6873822712
7169683236
9137565438
9244548386
9515694938
7721731256
5634825640
4978446504
7300611570
4191935638
2354580216
7347549645
5718985388
1576721334
1800973741
3483686245
4899622272
6691192283
5533165949
5264457422
6660634177
4098700770
9183470740
2122566065
2283740462
7038266517
1104211197
6086422038
3992178306
5529553192
9433733394
3516984091
3090387515
4443815951
8588216660
2066277480
1025861915
8154421778
1064498710
7040787623
7210960368
2174766651
3078820694
2793245351
7809215160
4439250640
4633536987
1140935571
6171303661
3541647074
9490211233
9904463074
8113209443
3594993485
7928350390
6906782437
8638317539
2577207198
3831132988
2542502809
2704701219
9315212702
9296972196
4158385516
6467355019
2748611298
2638646208
9792649506
2982505122
1319085445
1596122375
8941832215
5287139079
6782957817
7880049683
3157960380
3877067643
3862993896
9465218306
6275042089
1610612714
9699128679
6571281915
3372194940
6850145907
6144489752
4154736945
6801856955
8950903960
8055892568
4571623338
7521184052
5041224759
5705287348
3247137246
7273202470
5971828345
2127774291
8761849850
6043450245
8950217131
2624100445
3585259689
1290915055
6984648950
7439886396
7513838872
7011414235
8491120219
8061188014
1438318736
3751230050
8811174127
5134231104
4420794345
5984145355
4611507010
9061108562
1011736310
6418126351
3023615858
7455736999
1017145588
2704210434
8649688907
5615122009
8739100622
1938751613
3010680888
8463930756
8140036515
5030649773
4582931970
8474159722
9082823800
1726559979
3601174158
7099670513
2629038896
3938945442
5504567912
4114579536
1294045773
7001380336
7581549432
2131741814
7364877313
6617821354
9169855618
1643141870
8829092528
4401335999
5220133217
2783603791
3686632222
4343483584
9867899098
4789735858
4325544955
5378638395
7620380587
8866018946
7026526577
9577529319
9653783011
2351516925
3756564234
4737726783
6476685710
7081425361
1148524293
9365073297
7406988527
8305842262
6929749717
3693137476
1191393335
7585710218
4645452578
8757221397
3605992286
2279387320
4187617837
2316730612
8893335588
5378575611
9035525654
4395163251
9009652004
7346027502
1224327310
2723926366
7918054908
5332921944
9629688461
8678874574
4654348523
5137955120
8153201027
9155988309
3574638160
4724072492
2891090597
5218769342
3344257779
6380990053
1506795674
2930310751
2293195591
6520448464
3035232416
9459751278
5701777828
3594236170
6244657879
1157095129
1944464330
7173876657
6293616640
6054883562
7977904855
4181168615
2829283021
2446254594
5784485942
4759546790
9352529209
2898754376
5191219251
2397398980
3005361703
4566151397
3597993535
8171444975
5487958778
8484224331
9594359455
2032403161
8099857390
2762937630
6587935712
6055492079
2044367670
1340611864
3337565732
7417190511
1805499169
8304030482
2987607289
2443600008
2973529019
3420701871
6096528540
9787622576
8967405323
3719661927
3513605507
1514227981
2267345664
3299441990
9104183951
8632229128
2535023091
2643069558
9823261644
5151915360
9090106907
4742956395
7033437309
3366529846
9166171099
6911638490
9045683393
7165548469
6158035892
6394611512
6974947294
2886447504
8520083543
9383708501
1918489633
9502389855
8321079572
6906817955
4370068933
5658237969
2773130289
5999415746
7596973816
1265649773
1761959095
7044178620
2831937518
6142318153
6585807217
5406633580
1174512506
3259203613
1800416351
2433243932
9482961655
7471086388
2818241657
5403017003
7980244191
8773258944
4684384174
9959197465
8837012254
6929070406
5256461918
6069312700
7600130206
5274830290
7646337701
9420953056
8028699198
9261719516
4338226363
8134670708
3448588037
1007431591
9997336723
6129844948
3210179044
3927835833
5892727002
4802770483
8321245674
1762786184
3642658655
9292366778
3609524752
3889843612
8077203001
3532982769
6055216068
5817637756
2538596235
1807155432
2708494375
9149414707
3463837110
4369293035
8451665777
6198934918
4570651145
6031605648
1187621357
5523024630
5812049562
3531673353
6934635334
3962379549
5099091536
8209331939
2477346226
1205419235
7755099514
7347332305
3628180969
9360104914
7389020445
4759159398
6318477188
3330474585
6598363310
6192258551
5022051647
7286676607
7801428368
4279039308
2800417275
6597696730
7949505434
3272941658
1361344502
9865820426
5452172102
2274594923
1585234478
9812110758
5758359595
8486063082
1708608656
6172000320
9793114393
4696530637
1776968085
5240351062
1912219180
9542295084
9020734341
9008474679
3833998938
2767320642
4647418055
5126067174
1060874844
6617506238
7817086764
3659152679
8993017356
9289868439
4467465108
9809631868
4305952805
7841589389
7202052070
5276605956
2102127133
9058103006
8601755566
5275818435
8578141391
3419082366
6283034290
2208006091
5610136481
6376213442
3982592322
2239459687
1152855632
3061735507
8283883075
5246784882
5690020244
3545247895
9339106028
3916372805
2001015530
7982810648
7255064872
4168682771
5088994859
1105781692
9424758131
2875123802
7571334636
3183404312
5012955862
2715848773
9298307416
8843227676
2690237904
8216777391
7262723841
1574523439
2358580503
2311924225
4505357516
3982893518
3304751686
9511062889
1122877935
1883991481
8578952029
9240563920
2520794294
9514449484
9123855088
1721220457
9064346929
6854710778
7114967291
5360817638
9314583482
7220174441
1263096545
3136703183
4448233848
7976438172
8405294360
8493549484
8593745410
2633718888
6433616194
7686608604
9952992679
9266171319
4411215763
6894703010
2892988449
5872156455
5689966546
7590909042
7602095521
2932863902
8988233952
1999549061
3091031384
9952826326
1203183663
9338303573
7730117818
3841825064
9159940936
5090853543
8719887948
7429466377
2681622746
1332708029
8889651020
1632922302
1426651284
7914272647
7220451087
4079546512
3853040154
5072944817
3766127165
1623592001
7764926191
2682898811
5163323635
3958450135
1295170976
2682596464
4434307546
5136468425
5967782212
6955109409
4505246327
2858472172
2827826961
1688566776
3227312193
7455276535
7088825142
7680383941
4043565784
5440876952
1794594658
1086628009
6407149949
6194051157
2132535690
8083034683
6981459500
8920491939
8499492959
2964324377
2867847548
6996556682
2189320503
6649203765
3883431446
9131374641
3967990021
5727650876
8787786492
7847878839
1676354836
6386434497
2267853793
9693128365
9258731349
1314764783
8309100147
7024604951
4256801324
1247302448
3198516804
6118061371
2592321509
3292654246
7290784125
4149834264
1611652810
7010609946
5884062957
8517900038
7745885410
8660985981
9426003178
8851603799
4403797803
8900509530
4267972673
5661900511
5269759298
4812316742
6627815836
7648090984
5829279960
8529182416
3633350092
5673251775
9468309916
4683918907
2781960425
2127175214
1778648009
1036063725
4922573197
9003028892
9397042602
6500259102
2482244016
7317748055
6519019672
1034593411
7830950056
9621648291
2410320007
9734611319
4514798354
7887141834
6777177767
7626921352
4674474908
2514910299
4304591864
8912383277
2486602472
7758064270
7989533312
2223402488
5281716543
5484890898
6940172955
3935692227
1621707729
5817434087
4760472089
1242956467
8434677991
7277632885
5745486414
1312951362
3980599110
4257907991
3626707092
9866813193
2643939468
1929782221
2747461248
3295186079
7384551408
7169118466
4558334568
3001141222
4456519681
5869470671
9097548515
2615570585
5839598870
8691530473
7594162241
6181831721
7777107122
7224425489
4893362959
8678066594
9396825562
9224184766
5812752523
4113933287
1666910466
8413673323
8751463623
1487050285
2341861452
2935827965
2090087406
2654282724
2394877378
5087302848
4719724243
8612926560
8224776462
2653707349
8605523963
2648546058
4061900274
9799824438
6332638243
5101284631
1680425494
3752646568
2793295135
5836785763
9768238723
9251227093
7609649259
6116911595
2402060305
9791563517
6150210260
6174105093
1795054588
6986172533
9026803142
2791831611
1644452381
5542042759
2603862846
4304407390
3596826290
4821266878
8164922013
9786590015
7652825382
6485369407
4406791473
5011957222
1934444538
4519520936
5170850174
3682392594
5406550056
9361131226
5717902587
3653722768
1745101726
6226325575
1841046255
1666936958
6063464495
9726675915
6526876226
4627541650
4280365081
6365728189
4744034325
9744761227
8112756958
9856881216
4883977811
4207107088
5333579627
1822317606
1176298227
7689763335
7444778058
3398490950
8639605332
5178649473
7757800586
9076763196
2876375947
7795108809
5520007604
1533039016
1570485418
7480573172
9042208291
1937878947
4756166215
4030679244
3846557959
6779087993
9554172618
1626333275
1547539838
7549175239
7929141726
5012960688
5860063321
9681667298
8406025013
1001085274
9684497726
5423325604
1818554517
7666069174
9492655203
5440166792
2296293850
3199588255
4548092655
1604055131
7392999549
3311641094
2494411978
1618527049
3486542926
1123009461
1427245774
1712987111
2806405885
1028973497
4051285333
1220799284
4613389604
6374366270
9779157020
1338413941
5391821549
9608428846
5643821808
7162006951
3468508637
7471652538
1799322922
3829057667
7761769235
6284703256
8435569921
8451909698
6329010288
2742429414
9382138646
4011366747
4401103007
8784402236
8885211194
3893579711
6917312075
8434143826
3238202183
1608769275
8323372929
8413786973
8202302961
6240265956
7855274622
4745675780
2229630481
6964975141
8449691529
4886894034
2492126775
5508313898
6467466034
6716183433
5548556681
3373505390
4341582024
7232442282
8546271295
9167968939
2442147127
5390287155
9074024589
9969059366
1975868163
8828051062
8871243170
7131989608
4816663087
1419974952
7155038030
3423861077
8797742288
5197951073
4118297235
2345868162
7535384538
3647451674
4826365407
1130220280
9164719927
7144599046
9015139078
9607681002
7513005596
6213767736
6826156518
5699163552
8167516715
4028219727
3585961417
7428942097
4099130326
9523374874
7512221280
6173545123
6688666731
7739107581
7636700485
3759588027
7223194131
3342761642
2009561814
2018861513
5499124711
9391012527
7625771750
4460973817
5527934895
6721381804
3854716189
9566426549
2988553540
2114875799
4202584848
8320961211
7951018529
9897171181
7544013028
5078506540
1100176851
2245134889
5667250281
5306045902
9146218182
3754166940
7255145096
3340257043
2818131036
4410334925
4613383752
2103480233
8143111153
9808212226
2228026190
8470961191
1230000536
6215016666
8440095452
2411475300
1944375795
4386385438
9712391368
3860226791
2074605072
8124961193
2593558534
6704577255
4521433859
3289385889
1763221397
9696461181
2877924663
8074985524
7139278214
8373470346
4439515376
6050995024
5029900620
6129174114
7589146395
6969621481
3279044774
9201379081
5319908757
7826294869
3517717181
7625593352
7369623654
3238202461
8981057820
4301935931
1401329393
9744983776
1092468540
7222410140
6928851268
6329658336
8131258916
8232828807
7111160076
8288082741
1676355416
4509514999
6704308931
2696874193
8186389118
9770218582
6994240135
1405874838
2123270458
8564888454
5163432530
5200644060
2351720240
4621840579
7701469518
5148770415
9343863045
4713197670
4808945701
5984310871
9822875620
6789557505
2608154099
9298537252
3434889540
1407768797
8892972415
3829384017
9136531555
3765661814
3922265733
3842048459
5752797102
1280957400
8871401205
8009410915
3056971715
8409105574
9678687321
5547704217
2994800032
5638658684
4041095454
7425876189
4986336036
4607661026
5612997202
8405578258
9261663888
7061033855
6577532648
2567427028
2206205734
9863143634
7331415163
6483602299
5067364976
5045094915
4089236367
9285061898
9881547347
7613844339
2557399522
5864923099
6615874488
4803155216
2782585213
6057238778
6600080016
7457363498
5264969211
3522119862
7510087398
7841155418
9100524694
2969412942
8655154638
2468933806
2208584818
1207328983
9150377437
8684993133
7243828608
6638054310
1430469096
8082924517
2201266495
8558012141
3862280207
5846607071
9952703825
7757038026
8988447530
3645449778
8265649931
2011845051
9473221301
1090432219
6224460352
8563597078
9788981188
2710416207
9677684563
3386872379
5895476064
6771013453
5892017348
2213982356
5167978225
4724779574
2819699024
2316417705
2045255282
9787547729
5002880038
2221212995
4223593790
5959944923
7475638992
3708470338
2510974792
6493842800
1307432742
1659272737
2431907342
8025999394
7261734126
1963241513
7089863773
4802648945
4806517443
3131816654
4833564342
3869691192
9308183047
3052474572
1477919889
5035409141
1734781821
7774916126
7037691506
1881015113
4016991644
7779156055
9060543770
6989013907
4483875503
4096973316
1652515172
3692905034
7873792240
9963522775
1541510702
7513034622
5101772943
2936000217
1348156351
8112543805
8424781434
3566552543
2925506407
6621598187
5095998604
5231501227
2103661745
7908799781
9047638674
2397688371
1017262870
6858785164
6224926274
4511781604
4167262498
8563641558
4318195558
8866485394
2125240129
4343487510
3057381553
4571822793
3320299481
6241677238
6345250651
6557126339
3592172788
5437881272
9362173492
1803470201
7973280283
8827012405
4758885690
5714710617
9479006671
3916763735
5996642222
7641545642
6348234358
7903735426
5616458705
6103629698
8004920068
2081399661
2666623668
9782124436
7888578747
5111272365
8748588004
9914943948
3771908116
7412469261
8389962225
3528083683
6564697068
7030590548
5561514165
9032709051
4354229858
3905592957
3549844777
7964977326
5336387808
8024490292
7172256187
5255539452
7729962019
8329100923
8738058599
5560577575
4713985075
4204472454
9920264969
3697533482
1889850193
2428317892
7930354531
9004686793
7421138210
8321281733
5887071080
5523722696
3555196906
4222505589
1952998848
4742874974
7919402185
7148852287
4821486750
5049117813
6385133336
1700032693
9452509158
6112767152
6002054096
7388107498
7248016759
6366125482
8165239822
9282235248
2267300983
7356084255
7999213149
8510815570
1886695886
3935008952
7709628213
1292144088
9309478465
4944991459
9331503681
3058885388
7893305589
7040742154
6148458868
4340190915
4909062181
1088173949
2626530069
4972006062
1843651170
9013331484
4902838200
1336126765
4813650038
6254292261
5755221972
4436850718
7734463986
1645910045
7839449655
1654189804
2304711236
9376309842
1542814532
5431573898
2600270602
7960897569
6444492655
3564349666
7871853489
5092003324
5471119955
1952200092
4016006072
5970971105
8122610520
9467889688
3589113674
9922788502
5108563777
5768207066
4100624828
7200559490
7464932714
7725402042
1191661545
3200232542
2014707108
3915169470
2859669021
4333321974
7662291870
5886374614
1859288266
7647897607
6155079362
9725106027
9080534927
4674349122
1482014676
4103275334
7488977128
6640122784
3644084273
2574837134
6707356215
6735487319
8867021944
3500587582
6049922669
6505528967
7736990676
5623354461
5499506475
3622333823
5332247649
1311098466
6403670342
5969829766
5785437012
6665252101
2769717256
9090602878
8742038799
9108291789
7873755434
9000385925
4102455085
3233572113
1803087944
4708118767
1042449866
1103057246
1793932964
1538509227
2045260761
3296136572
8315259005
4973117557
7494832859
4365187119
8527912076
4861671409
7856538111
3644693532
7962382221
4547936271
1583541835
2428866693
5316106730
4358671775
2415968637
6646160551
8347752293
7643130891
7397616999
6109339907
9621700404
3878844653
6846223798
2954426960
3504527778
3875513904
8132126923
6644128147
3061644374
3237534506
2132466982
7582824841
4947653090
9957580981
5310501821
3946718928
9674374074
9799951160
1185546681
8779799924
3260633219
3102237298
1634682724
5226227191
4749709742
8500970269
8433118032
8303791742
8367664366
4283605748
3679413377
4223615920
4695949647
9852411687
3823996586
7095338732
7948161085
6233467580
8837974772
1337218896
6638197072
2481222556
7315485244
6972280462
9558838534
2550059581
6254008709
9228398458
1823381207
7697443642
2118818924
9328608040
1785819839
6231034205
4625690772
6115755997
7176044216
1833012288
7820258285
3386639142
4435550606
2332452738
5149651448
7526223744
6086045862
2187540477
7690626170
7819901285
3709539363
2174276853
9123337068
8113495464
7635464059
3237536153
9131984448
9828087432
2106332469
9312863295
7191760011
9577510682
7856007394
4222381488
3157925775
6531737371
4091224348
4103798782
6837535357
9593542601
7629558337
6536637757
8309375566
9191916321
2989140527
8355822124
3756255393
6627120489
4273827052
9275286419
3962752101
5815021850
8989515998
3202154063
1090523951
6683442213
3712797081
1483297541
5698756627
6973657494
6981698356
7819296551
1277763003
5054791807
4291189685
9476807740
2815752055
4838093003
8998288880
5288108924
3227476737
7781901049
7381653296
9245610398
1707862169
3854092510
2258063317
3704410914
4692457857
8966142783
5578684485
6030270870
3665290347
2274084828
4897020387
6325113582
3936512635
3627314031
4563895938
8232040902
1727876939
8850997809
9652569181
3228434022
5715813427
1392820720
1516971292
3486258832
7329459019
5114166996
6740064624
5817401360
8317858788
2294510606
7697627069
3538600749
3922172385
5814524565
2133850083
1639504344
6495620809
5269165453
3051899930
3737935698
5830338090
8964253030
6760216060
9460771745
3156802115
6422057366
3341676509
3882551249
5853753988
8518293045
7512804525
4136183523
7608210139
9775018667
6787563164
6064280315
9825061357
5214517398
5356214385
4805155962
6696245539
3342627947
3210199365
5862512677
5881571504
4403538490
5200132836
7971504043
6228458443
8418063777
2893201112
5782535862
3466030105
5175246539
2397190436
9217538355
8077279403
6587365783
9775854929
1582092862
6999850198
6955828608
1777201948
6269072932
9089993756
5029230310
5052316212
2132447470
3758161766
5313630466
1775785363
5345342225
5951040917
7144135521
8228525150
1172267593
7017374167
1978543396
2958128164
4060885853
7730057270
3679335537
5705021520
7525530023
6289440464
8023097128
5772026020
6875856871
5953064651
3337845640
1932931434
6444644418
5774383169
6939213590
8577016456
9004972039
7077755837
8490741378
8824853463
5147558495
6145328824
9272277890
2202489842
4946713445
2167699534
5462004637
1987496847
3238316928
1830316304
2359183305
7667862658
3005858993
6465566343
9492689029
8804644605
2088672891
7275226956
7953391916
1527628444
9798530372
2682107818
6531941218
9946778218
3773785791
1226729707
5954069738
6263454504
8736356250
7933931723
5478774019
3640629027
1212111862
2086749916
5735971919
5882873869
3338436492
4490824024
3461765791
7750437674
9640183820
4209081887
4291118054
3719994915
3031749141
5390208546
1681079000
2449209467
2633093123
8799351649
7600333209
6046744707
3145682565
3664060109
4644173337
4533079707
5824009020
9933568150
3776056101
7509874754
6678403229
8721025843
6026845055
4587571137
8695972505
7282365406
6031702314
6256882162
4811127957
6878504000
9205906020
7230380987
7603221656
5975061845
5053837492
4290712405
3779088125
8192947265
9050574965
1164848679
5393995280
5340086413
4849342748
7846891195
9773033022
2744611771
5608719564
5564587868
8734695369
8738356061
6182197702
4485176124
7383826051
7062305730
1354147276
5666884167
2434868036
9899958119
1430389717
2183109274
3327913659
7592085260
4073194225
4063454816
4512921998
8733189033
9244667707
9842568084
7235456257
3456951818
6784147913
1170618972
2250238814
2029051096
3587357683
8919240009
9045825812
5535471827
5109914800
1465917290
3200892696
5010756069
2181525767
5924775856
8441863045
6308708940
1989100105
4052219875
1774344513
9563232899
7088080732
4637614856
2338162614
8510531323
4602512664
2943882507
6633640125
2407882286
4286083059
3981904442
7912888812
3521761962
6718979631
7090511448
9163196209
9957769288
6903159481
1891098932
1680700073
2938272487
1020267622
5446639885
9416167759
4992397643
2346096183
2560360319
3853117055
6511270272
8185316816
5355123825
4754339339
1561083098
5656094260
7321641794
7717584380
9666709136
9064853341
6913122666
1759184746
3092042781
5883491644
1631719884
4883975754
3524853260
7753919233
9972527652
6840044665
3263407862
8009291555
7733839067
8797716702
6140343841
6289966973
2033223287
3715348640
1623145595
8539374405
3534658225
1569471567
2196389313
3569570105
8365120702
4284318434
4312544075
3537080077
7160502135
1945367015
8402420735
8145874931
2417002153
3730358764
3777160035
6664818611
5800651141
3764716767
1166005458
2751172739
9575908932
2401625738
7735329535
7138947683
7027895503
3950257625
1535751006
7704762439
6740068532
5298686307
5076353326
8494364938
4800415886
6514625525
5293344911
5526148209
9006382766
4284299387
8177603299
6343450319
1028568720
3443227300
1209763610
6190752911
8394950172
8317415645
5154703496
9529225421
9492516802
1003968993
6353869039
3517800199
9591309823
4944317712
2194731426
3534894131
3177996302
4280063798
3252779749
6958095611
9743594554
9037542549
2975267883
3493567212
1355759159
1931210490
5785670255
9481374450
6454390320
3735431242
9288122884
8880135625
8745938261
3937430569
5257093758
9182964037
3744005063
8151108625
5631112829
6727797994
7335099809
6045535964
7148457786
8130168086
4540338777
8071681520
7656498032
2538909332
5122796744
9522653772
5464871099
5832085803
5404162793
5328905296
3208039792
2711364036
4037145167
2662445881
7927485361
6236802334
3636829733
7226348599
7618698342
8679666697
9245323519
3655512752
5663165820
2888514506
2660183092
3475037455
3679585059
5211820555
8348572586
4856828327
8473549281
4104789345
5375659639
5214178313
1442360736
8687823998
6027184665
1775994335
5644031532
3362447423
8498711444
3073061828
4294487267
8559855770
1710564930
9088943210
6532587335
9830882027
4718234516
1862074392
1492099779
1328731429
1859576419
8199149545
8547106939
3512276820
4226688686
8344423712
4287150308
6186436848
5902636719
9187840982
3040146771
4993678067
7812279945
1503014018
1301426506
8815394544
6487210369
4673723066
6185894128
6910646642
4664185764
2190022459
2269573429
8334964777
6216696659
9439559088
6853932285
7088343010
9535163753
9457744513
1375459798
7059912082
3464459349
7248552956
4122394322
5482588112
6727409624
8772158765
2622966381
1348991880
4012279497
3065136442
9934936976
7710143337
1571765787
2109531602
9293499249
3926146509
8161262264
5560107047
2719009308
8970236632
7365802234
6358911312
2984648073
1082355072
5762310727
5228188815
7602140693
7531798694
4609970400
9295391208
1247029935
1376919192
5944540853
4883395871
9549413009
3276886458
4542910933
3552591312
4801932094
5316330825
6567831930
5094391540
1858460325
2771581236
4972194452
5570263472
6513818747
1469972845
2935125330
1463798993
2163673751
2919264843
6260183592
6548778788
2092249133
7488352850
8406889726
1395303677
1024652187
7613008619
2895050002
8232907246
4929490876
9700586662
5008537034
1124273817
3314655761
1635275847
6729853862
2887276900
1672914217
9765619989
4268850406
6473633155
1970292552
7976469477
9143054466
7483196578
2707386535
2652392897
8846794818
7908627138
6145245651
8902671382
3771518037
4009826131
3174479386
2323488670
8851969955
7079763217
4509218737
8835811090
3906676018
7363870456
7202645257
1318877911
3655127602
2904861954
4271413814
9329644441
7525213959
5523737716
4860402991
7296170991
8397669125
8855003236
6132236786
1692014374
5446748223
1621781701
2922933083
1869836985
3609639433
1721348857
9795748377
8719570008
8352317739
6054297690
6107158876
3715779059
2606381761
1054406657
4204746473
7030329229
9428159233
2976786991
3265415460
1885395668
4608436457
8280892297
4866553334
2545472643
6815157833
8011870190
1719900554
9164473978
2118693561
8868437666
2314287858
8145839402
4044110099
2940491494
7905939015
7054198895
3485413487
7817926414
4857134183
1962639576
9971130462
2155462908
1545374697
4154658466
1432094871
1195951312
9401933261
2348186680
7425532836
7818714221
6348801562
3151309854
2996218802
9290379252
2182942624
8617770834
1761235284
4928817130
7611788762
2697582594
5796193255
6602696676
1939136435
3541155722
3624798556
8351973591
8185789631
4648605313
2078557078
2421150518
5394225547
5893173661
3983987626
9489084504
3544684532
5258363900
3619889688
7491476592
6925613863
2603918929
4073475036
3311960150
2240731133
6388563704
7348749444
5433853166
6860322939
3627404064
1709638278
5543836909
6654371877
4125921665
2172357192
4105050431
3625897844
9550426365
2527201040
5863589537
9205332430
5079081974
8030172638
8141364922
8041047154
5145015625
5032436524
9610005685
4606223245
7341345302
5630881430
1790991208
6670569582
6304703721
8607982433
1173189108
4944015471
2261052431
9289953713
5076619670
3687146701
4308214094
7905463483
5552155920
3619234662
4351853806
6047775136
9246483001
1924384841
7155759272
2821226388
1321722360
9475779464
8080159047
3626014716
3083967726
9756029669
9724184101
1819790911
9697817634
8985223933
8203885338
2254717021
6872877178
8979963989
6161987659
4042438903
4705249948
4885967865
2051194010
8847058882
5913949640
9937296242
7886906534
9908603195
1399230470
5139651874
7175262438
2480038598
5961892635
6970174760
5233374982
9514729867
1804135023
2528280528
6510534497
5681885764
8695784766
9850087386
6884146369
8573133145
5865784843
9852593382
5788087558
3958436809
4341458711
8972273433
2549751093
1478864910
1542955195
1333699007
3708337451
1754939536
9710159076
4901334062
7320746672
2059142922
7475327047
4939775842
2822527191
8400257732
8454035521
3907772968
7134969365
8829560566
4011287688
4392241314
2456520365
7853020760
9825652473
1009866137
4811048333
7684369451
3444354013
6335298420
2461342438
9847957446
1737227249
8136494982
3566188018
7528175792
1031848348
1145368928
4071644455
7231941690
5641362636
9416140469
3297068528
4371954306
4373914927
9944105306
5778839188
8153335564
8289892965
2557284250
3343760666
5294883141
7529102523
3539411559
7798389655
4242360773
1086031850
5527747949
6212525706
3412535285
3567981388
8545033550
2020079013
9863899366
8584706701
6216673293
7376267046
3841112250
8694755760
2975844591
2186153205
9004004629
7403855356
7242986942
3622497314
6339605482
9431549743
8369171341
9445910297
3089889214
8547220885
3412682720
9220709223
8283375738
5688355184
4860837206
4240373909
9359177053
4340966317
4795513270
2049127806
3642221893
2017987059
7020301476
4520592690
2496805452
1418385319
5379860306
8174799257
5700258801
5005909189
8360661320
2383570391
9098973262
4007276049
4992187336
8089629816
8386124072
8922424049
2105858873
1049658055
7694277290
3338355729
7792075613
2654623393
9736164724
8332641560
4442393465
7274357596
1417785137
1573497838
6889308574
1542826024
1855676113
2698579165
8822260953
1594731237
9962591529
2828810679
7878932487
7947324667
1397910585
7880575877
9996035617
9331253051
8827843953
2746163390
9218609276
2853719275
5831765389
7271210426
7184450320
3075490459
5106952001
7064782288
8791995978
9489040685
6851696333
2324743388
6564093398
2620483869
7166053915
1698458677
6833943996
9764802957
3339909908
7024674388
5119666545
4355929339
7857958581
9918855603
8107433712
3565052190
8696995585
4946471901
4190209218
7582686962
1281346793
2087829648
6208290841
5283359882
8198012404
2160355134
5033846459
5845087307
3688081274
3882760660
1985505284
5063458355
8878794092
4426663253
9386620950
9212556273
8299521892
2732475179
9911171070
8371039667
5939805306
7763704046
8080881293
3216099297
7034525206
8980500492
5385076904
3193867147
7730811446
1116653677
9515651088
3350378806
9072122777
2497430666
1071126601
6781665456
9984982710
2336294477
9391126343
9440021051
5325726152
1660452299
5270668928
4239792091
8510474312
5571434537
2926489263
2505388930
5974492210
5979057795
6630830175
7754613095
7998549224
8956013281
7865519298
2187949660
1804312507
7403233599
8147654885
8891831486
2263467599
8746273083
8210776590
3029695652
6527392243
5298014502
7319391877
8585654726
9750997541
8708830467
8577410872
8825253865
6425265902
6117198539
1538447987
6345289427
3530775339
2467027763
3635611132
6973939717
7004968356
8641722073
2164634569
5763615269
1492460146
5407973025
6928568549
4796324893
8369806108
8716117758
4498625039
9287540419
9036516870
2404826215
6859315851
3278125032
6486764298
9132098767
4873094615
3375293020
5171243687
1009374085
3538465901
9337863711
8549583911
2735333476
1260443883
7364908297
8658442100
2968429021
4678264200
3700558653
2510198585
1467715181
1932456404
2194352233
4649316300
8485075384
4914977164
9788816114
8349249530
5941592955
6680002952
2073344277
4164377648
4079208173
4477269489
2086642615
7219202720
7311209454
9393591778
3133421827
6672742142
1591673493
2482701848
1980462218
3751974819
2300771475
6934652707
5166794947
7677109784
4829580884
2697075859
7436530026
7901791817
9606605643
3139350488
2347840805
1840576597
6205204034
3239858312
7495996107
5132727336
3635261666
5912958180
6908327398
7377936003
1887420898
5934089962
4238457165
9441299616
6744104970
9607820303
8505047250
4959459161
3560929190
5467801916
8517908748
8687213577
3661591320
3690911326
4868484033
1316560887
5619941768
8959320509
8227959122
4675873524
2819643713
7866344539
2584110874
9242172112
2505242391
6834233987
4845394053
1078169423
5216820280
9673192523
6519948878
6196269464
9867319170
6679304450
1524727887
5817046386
1102972572
1999146992
6743398063
8307513844
1063490832
4728420513
3705601575
2146261061
3752738285
3210267620
5775176016
3847321585
7037909475
3045056783
6238167074
4218467921
6198601332
7259575430
5373354735
3472513062
3491049823
9846291444
3317585717
2480253966
3122312430
9645114809
1902439257
6247100587
2634947589
9206487413
4123824634
5517930561
2601788197
5086431420
1719811932
4539595170
5241318466
4950936505
4693190840
1420565482
8818233908
7826217593
3289617409
6991251207
1033431191
2116996766
2916241149
9932556464
5001950629
1577377907
1491209134
2455219560
3944898244
6320637009
2204556663
8655872788
7920557577
2532507479
1245817906
9046906978
2007205234
4024352295
5604078175
2520786610
3353845911
5653243972
2683209088
4182186658
6055214571
7015905340
1922947472
8373079785
7541018134
5937927629
6147666109
6318721676
3818279435
2860428860
5598952249
2745112873
5146131567
8570066467
4171688109
7202587574
5303242919
8708386258
1805678353
1566045426
6030091991
9527069106
9471447332
7717357343
6562510375
7443481312
5343756609
4197184896
8705543332
7784671982
7349395720
3044267835
5243983838
7451383711
1647213868
4224854043
4549262804
5987226589
8765660307
4589298686
5291873984
5481378620
7980492799
8816664001
6618821713
2487703383
7131403795
2598102376
1501318853
3056868448
6762419494
6565738359
9500495139
8451136584
8382570792
3191497199
3955052420
8439151332
3755096608
4303653506
6302171608
6569382854
2964611126
9277691935
6926980757
4904742723
8048770485
2683802364
3525268614
4590509789
8886724247
9696587244
2720620019
5354082851
3187845632
1810337869
2236450914
4521266783
5111451476
2198321429
6912979607
4554214716
1788976012
1083209693
4789505694
4387737755
9260694735
9675065241
5111281714
7692167454
8941837811
6981076607
7210649116
9737513094
2541761595
1998333625
4590447030
8998377895
1672647774
3793205260
7206258700
8843840332
2660105809
8938263334
5077403586
7053771977
5272082498
2535546572
8488325572
6371369636
4086813527
3613863393
1237701956
8764595635
6947142134
5797257184
2664076231
3916350195
1315385739
4637916942
6743643076
9207004638
7546721117
8168603144
3418219028
5576831759
4135691448
5907518853
3886789748
1484135757
1496943139
4776776724
2645794387
6985934302
5959368173
4929092074
6233211518
2025002006
4284684919
3819568304
8478722395
1714100754
9530776030
9326476277
9511977484
8486192744
2581759999
8351152314
8115168942
2261088390
5573523950
8933687681
9500623670
1098761010
4505314662
8451393714
7141474796
2743179620
2770017109
9880078888
3512907868
6719884775
3138481170
8612573533
4991508173
2485377382
1619048985
4877520112
9725449847
2437814973
6721666633
7033139723
1892309818
1538995684
9138523094
5204874893
5929213989
7683656821
5200593063
8931151831
8435948218
8076001031
7503721545
7267150584
4216353298
3427354895
7945966784
2732063226
4468695058
2891794696
1811467250
1696889273
7830940779
2718617962
8875887067
5065285659
7675130611
4650098333
8819805235
9243830197
8645768549
2926649720
4101518237
3023513724
7767138627
9216027682
9456820877
1421585365
4675060006
4639810685
7552719557
5618723607
2936306219
7639019874
6310403209
6101646995
8517932569
2657519639
4169577818
8087087558
5759020721
3264064863
5570248435
5145317137
1611624022
3310724602
3229457150
6481939741
6801379440
2794754096
6133220646
8067219853
4902651960
2362205896
5910793614
2164230703
2639887500
5676783581
2727249448
2383330625
7728522566
5226750484
6655661634
7266966815
4341658189
9742888534
2613008735
3877940885
1376272843
9214918588
6659551612
6494739250
5675854884
7119551847
4072406085
8558855704
7015047714
9112193841
4399029962
6347518094
6240602258
2561495270
8079694548
2776858557
9503787739
1384107009
5690229458
5397223035
1567212120
2263713331
6349112949
7993444539
7692124458
9636560104
3046322703
3949554218
1114482270
3552406047
5390893120
3125417540
9017538560
3250013731
5441506818
4416006356
8298291393
6841236981
6694465140
3566441378
1133262829
6138528800
5360094250
2346529122
3227765117
4130958227
4164520399
3928533068
3338742034
8115426653
8292380603
1530165381
5878854518
3711800738
9790799809
1819614140
1620986104
2972534252
4468701514
1980624761
6029899665
5554224499
7767254599
3016712625
2546430986
9780527851
3478377661
4740848710
8418137771
7504005518
4244655730
1907487303
2327323751
3564941838
4791651923
3871052673
8011699036
2810849504
2203049042
2077018228
3035866671
7010846868
7926235717
7250580023
8990195238
3260777648
3035988424
1640468050
3469542501
2887492227
8318198626
4741145323
2896404887
8537772744
3806411273
5466564523
1725863336
2197998285
3763192498
8161035718
3236632973
6553560485
1713969168
1170675300
4319276439
7978558403
6129907383
2957997712
2693463191
7181883931
1668910899
2296554243
3440527852
8841822846
9303876219
6726124438
7137609959
6525686465
3732297777
8119176465
4626854552
3677175227
9932672144
2499587637
8165389932
9936200572
1122828156
6623032186
2462277064
4372648431
3310138096
2123936310
4353121615
8761739924
1795795857
4785129013
8867444291
2050829716
5782357515
9511182897
4731534695
6751393999
8437294924
9174390305
2492034152
1884593207
5684173599
1325340826
6027997069
2853195922
9047554843
6812862854
2959182699
1355645936
1222686358
1760330813
1806770619
7704900831
4993795570
1025783464
3125200776
8004556154
7372457477
2478330903
9167291382
1732364636
9512461383
9674885105
8888461021
9951766975
1114603260
8682571008
2916479989
7131279890
1072716417
2918534022
9329716732
1070846381
8050045213
6282080960
5857008312
9353969122
5520245098
2650684841
2167310113
7808596249
7182192601
4387297546
7476203814
5633995280
2027898280
8522505258
3262780717
2300571967
8442188814
6529159545
3922331020
9767400755
5479573647
6831621516
1881060161
6306005067
3810418147
8003228292
8008047625
1846604225
1921213547
3891266440
5319200739
4712164082
4938761213
7483663105
