8645852945
3454152647
1401290949
5524289443
9724414953
3613438662
1185662989
8253315924
7247838135
8451513855
3247263520
1179317027
3956753152
9763065603
4460795741
2893634798
6465215133
7318583369
4477422809
8456405576
4904554515
5102237149
8820031470
9193345739
5755496485
2527169894
7824766800
7012237261
6699893637
5020318115
6797600149
6930203295
1830734035
9473250474
4810856930
1113638781
6765220775
9818811420
4428627608
2169545858
7838929770
6894188972
8523853717
6867623240
6477047987
9916115908
9761154290
3141436098
1114367019
9870189713
5185607470
4296816746
7821157969
9767851560
7712744863
5803953201
4276683559
5784713022
1930634642
9610923895
7966682051
1211728626
9357284457
9872277262
4038501325
2316152571
1881733951
9717694416
5864135177
8521376707
6423467141
3418240112
5735270432
8798667388
9455224094
3780013484
4734666662
5268993390
7258984392
3788723287
8093650784
1394646857
2857891166
3717947774
1611889299
2360561636
4107154834
7092566623
8589440563
5618786192
7564858910
5595878646
1136525453
3577789665
9696762436
1761021589
4375247619
6483375479
8176142073
3012079983
9657012395
4159026571
4871954884
8212005594
8676333427
8396016814
2176357590
3650339836
8295135233
9863345769
5723448644
6583282674
4290816538
5539886655
7730898308
4302066366
8027840872
5761076585
5022962764
2449206630
6181295943
2282023599
3570424218
8166513044
2866815853
9370820545
8159239277
5242858791
1333538863
8626344151
4933131369
3699009324
3576529120
8015576158
3029903849
2701656807
5007763355
9751179613
8850374888
1819479728
7157488458
8347472604
8522003151
3958871269
3949904358
5400390877
2175057155
8349357170
1769135953
8680722744
7235992079
4981945905
6876826801
4135367468
9970033918
6093612795
3616441890
8134537894
4862175598
7173060467
4302296593
7448469358
9260087867
7211737044
3837558956
1048272093
7060482480
5996432491
6972468624
8949265330
8014263176
1946268455
8688284110
3437656900
7738546397
8477722254
9950567503
1923637916
7081883827
1348575013
6322044549
3897161772
8682661696
1897397357
4404879118
7803406798
7528623136
5958561655
1879863933
5228410143
4080518530
9930139640
1883311905
8762897010
1887849739
1545688063
9164980601
1296031866
9047235981
4466227683
5357537062
8851541266
9353186133
7008676239
3195407790
8644225880
2678129288
8121754524
5519045902
2901173703
3726151179
5626267832
7320555144
9408632100
9956643192
4900950788
3161959784
6759831407
7921412957
5653332752
2195999611
1627632463
4495853169
8349217305
5263570088
9651288644
2129669574
7666061292
4668336301
6842968600
5148231814
4066024703
5934223694
2583248607
2489513681
6394232556
2877266742
5568668352
9306556973
8011942737
7924789870
5863077668
9172185003
9578995075
4956410698
3110678427
5400264366
9170440240
2172900756
1270243467
9577242851
3223590573
1255738139
3101720240
6903432008
7380313995
2943137745
4113182274
5829645048
7923360931
7061655762
7640533510
6879317695
1059355006
9805473837
3951483812
1729556923
6874725118
6289875669
8469986087
8970547947
5980134391
1201961243
1368119772
4943065474
8775578343
7145230026
6767954367
5665113739
6230178756
4338059789
3245185214
8640449911
9445911952
6699691101
4976653804
6050254969
8651957370
1661591186
2518756701
9269863149
7080481689
7147851311
6004641565
7646060895
3225974029
3777967255
1501152561
2254998470
7234562832
2895909939
3400342141
6278011397
3178336483
7441304167
8459931676
1684180929
6928270585
3516565928
4192891080
8376840332
4642141254
2218563909
8504474274
6224879886
7439354646
4336365336
7168553684
9623631942
6836722973
1386721046
1303097949
1217673769
2053395920
6853503414
7798910993
2873290804
7971765328
9891245881
6252181892
4945701048
2988499032
6428679475
7649247016
4108632274
1183763669
6204851732
9081592844
8093055550
1325551775
1518259968
7494466681
4542782448
2030006446
9752632889
8805220181
5692220330
3267937077
3019996021
5060733102
9621519281
4772234161
9755308614
5441674289
2977240625
1038110370
6913094471
2899709882
6233260387
7061070662
9077796818
1170072171
1570213213
2178154300
4911506192
6173978956
5123262539
6643590668
4007210594
4589459284
5393334401
7829018826
9864206843
1538392027
7759595570
9524568266
2210543376
4247344109
2331252783
3686042648
8501595118
4217368273
5777124120
4081233507
9483823362
7437710652
8287978224
3255990579
4442643685
1379836866
2081632123
5601461734
9752635892
7824222206
5216956329
2223426352
4658152724
2018800700
9112748302
3186777097
9369649915
5596304732
2261286426
7072211345
5655811315
2578963166
7153628846
4917096491
1946788089
4306642810
8910326339
5628960051
3501293751
7211339964
5274643382
8841059532
6931541538
7841608214
4832567632
5843650060
5310342941
8676405161
5441545097
8589396709
2954706755
1240105965
9846179875
6773097231
6920092546
9093957264
4656955327
5664037038
7867022474
1952898883
9190297860
6630608838
7027101560
9269554955
5776185521
1997580085
3573174259
1006568539
4529345631
4208340327
1392900965
4210627130
1096299588
1639342473
9627012206
6946192741
4492243409
2544618405
9685562811
8213693264
8444282545
6340426003
7373712045
1033169438
6562460107
5923430626
6327913730
4611553826
3879913676
1536902333
4568974451
2875688557
6615889426
5344336455
8950272360
1683580590
7905183794
9142610568
2665940700
5097285722
9565822558
5952201595
8142461000
1401628145
1373137494
6194963863
3305661791
5048948232
7430057189
7295805303
5714471498
5283685068
4124860939
6351178101
3523113250
7472107343
8703075754
1751824612
9392846207
2006639107
2164823459
6319755476
7796806867
1587882402
5579059653
3229061875
5100582008
3886987484
8124354061
8060829196
3190662291
2001701736
4348720119
6310000082
8662348732
5235884906
7896564513
6888703770
5679232222
6992257567
3170098436
9145378632
2745378655
1048704109
7624685853
4253236413
1738228139
5140654168
3780814184
4646498795
2329359693
4056431400
6129501712
3500019997
7329028734
7489626098
3495011287
9175799204
1369158731
9874693602
7334043787
5586084820
7705552407
7156492503
2430611467
6619553251
1867302786
8705575320
4163802908
4527516798
5377500873
2873647864
2753490246
5433115781
4491110435
9119572425
3647337798
9927610080
4426012716
7936243092
8166869490
5792940832
4680586865
3465083363
2524389918
9771609369
4593336290
8317600492
9497424679
7453916472
9760035767
2841371926
4748092288
9721836524
1287658390
9348159258
8557194378
5414847168
5264878402
1763987795
7665501224
8814725809
1596836340
5685285006
1502532619
2362361420
9879924790
3367442366
1507176638
5311929338
3147953324
7924385277
4289402417
8162490940
4774343231
8878811924
6060255017
2753377830
7800613041
4545482252
6015682465
8329732573
8832028106
1398913397
8904921165
1739787951
5967344549
1549322363
9817570411
7951019533
8754256946
2754749902
5928848029
6412379876
6855924912
4369877440
5542260148
8464663028
7311739257
7690638711
4690723070
1854319030
6159848858
2814264533
1393481705
2411775723
8409967719
1128252087
6227869137
7998226740
1422704471
5394541221
4524063252
5888153258
4337564943
6876456796
5162835274
5894820719
8995856989
4436088084
2745058521
7315133908
4869832900
7201748297
6391458388
8332505410
7428006659
2423744630
6156615491
1612153314
9001035957
3136521278
5959131568
4845537764
2067531614
3780741284
7982223675
6978695337
6898434042
3246619050
2934560160
6210006810
1674726409
1134988287
3886140240
7806622230
1357678839
1605680914
9996192894
9801493905
7048826761
9834547137
5330216902
4229164637
6309582934
6899338750
4458235299
8205941069
6669356829
5291419782
2932576758
1954050945
3733894372
8688545392
8570688024
8171432948
2240824255
3404489593
9694859697
6551294668
3232467875
7154896540
9083813637
3330300505
5853962008
8059476965
2061039201
2926504741
5118829666
6296546576
9636893686
5532233887
8729383161
6866386880
2424725730
1507340978
7505934487
8061890585
1447220647
2074987127
2767520340
6688778175
3271429908
1782262925
2766176549
2538755942
2173420522
6010091014
4870978773
7426961568
5127879986
6890545900
5662434870
7660588479
9402677355
3031796482
9923228464
5502459004
2160992979
8216672442
9766420760
1063852297
4549854809
8111282532
8168237360
1273471245
8166170445
7622550646
4532060058
5185917470
1196797415
9204194424
1065977258
7683184964
4258246898
2806427803
7741941890
9085844831
9674463922
9592268324
7710306410
6902782190
9218474174
3018277765
1696909392
7904160339
6856969924
7748768346
4990279431
2815912025
3433686175
4957613680
2307351670
7142279542
7274114571
1879862740
8832016981
1632407702
2476531489
5379462155
3912812617
3438886567
6281089734
8713133247
8902644288
9923985911
2882822725
8373256253
6475418252
3215364073
3720886923
5059624420
7825014078
5721559307
3142362446
3737922555
8628810667
2607095095
1484941574
3365892563
7733341475
3282574082
7574087992
7067397383
7981488628
8820834350
2629144514
4909434810
7372698121
7621498395
1348685073
3417767688
4560185352
2702187796
6510796120
8492062816
2146665616
6867676869
4763603593
6646327238
4984435339
6885036089
5516410402
8881202164
1578059475
2775307076
3022508725
4320262467
7998220714
1911162418
4033949378
8093389205
6526332806
8326963214
3701624329
1837786257
1709062165
1832768665
1598485585
8430579570
6220351540
2500328788
2626440958
5475969006
2868719724
1511619752
3174664884
5851972855
5624679139
3328254015
3553051474
6785991422
8311444731
1113643586
4664204839
7881467863
7931808918
2728373936
6830660550
5470345672
9509437592
7143093482
7349161614
8155463785
5393007930
6843668274
4121731495
4413347119
4489687166
5940739583
1068859281
2494881706
3575608845
1763161603
3327960483
9013167841
6032700451
2330689616
9121719847
3558736180
3118977777
2741082887
2759445062
3502618075
9243709228
9911702038
5764840221
6082477407
5546741134
7036408824
5878843820
4875333808
5955869339
6389602915
3430495978
7754731171
2696858250
3261837523
1245457777
1225740429
2099860346
9564851892
5267948275
8897477746
7292336576
5464968696
6653423704
3428399227
3749774955
6397701026
6626923293
9218627958
4864799723
9138583826
2850406145
6018845859
3694361224
4525833896
7511446150
7323441584
7852076310
7407432063
4011376812
8652933805
1982693575
6047986508
7189714153
7348509905
4273387792
8788650382
3021822151
7788962831
9951835013
3647162681
6090494049
6268410511
1580462170
9017882139
8577063472
8512250752
1816614094
3372972505
5124195851
9021586247
1281984260
8066743203
6117954446
6140638301
2029367199
8511221845
6559201037
6606093183
9387281565
5116825241
4233521226
3393769814
8978967312
9691063388
1164022725
3000441051
5384716275
7241015314
1519536279
2777259898
1321091399
1304241844
7443064075
2258725317
8152147632
5176684126
4101954960
2895443780
2731886461
1625050954
1759910993
7093313076
1198030695
7921930974
6056458781
6196462905
4643221132
8863665988
4073158552
7783632359
9674502246
6551445362
3848867436
5762037730
2020154916
4582225156
6692697273
9819169307
8229884479
4903255289
3501566520
5814280095
3568925359
9063458685
5944665451
2815890071
5711468838
9685604408
8653642776
7609200147
1246847049
7124000314
4564528737
4967298476
2530140975
1239154868
4312268004
6690293238
7915329913
7843120260
3884190158
5872132379
1179231799
9215038216
9007469921
8628710816
4050428834
6343306354
5783426591
3191314971
2357715938
2693120662
4533148552
5023452482
2565766773
2950602198
8166343077
6389037196
8352596891
5310886471
1420679500
8346803033
9847553258
1218573793
7819627859
1613180074
8255609900
4274293128
8679490068
6403073812
6803298051
2303644569
1133594589
2148887664
1019372273
3264778803
5480829156
6972176433
4421933668
7901704672
6310888404
6531570801
9834018154
6284812041
6289660410
1015248928
4317415372
6029125532
6962261224
4994370200
8024686918
4752437696
3772157337
8389180554
9898443901
4876262631
8526676546
7451907300
8424748951
3498198153
9891349266
9786144240
4212568003
3558805576
7079329843
6151601522
9979501505
9583551915
4682509200
5341976695
7610342294
8864942620
2201350692
4521710298
9811227244
7905658728
4957567062
1089660367
9304583700
8372723087
5115360376
7787087393
5631374610
1739348727
1539503422
2472520727
3078732633
7760915090
4528458233
8910924532
6129843972
2745568453
7168687871
4762943762
6204652009
9273373205
9616803808
6771664857
8427852131
9202369394
5673386519
9538528450
8677930693
8631210105
3290230099
6483044850
5692946159
2735238678
8656917367
1869333929
5729475407
4363675827
4095835186
1925596942
5962225789
8444401522
5533357983
2054112684
7875952349
6033036442
2011768869
5213675720
6257147832
2246540585
4093002368
9431078246
6187130653
5372228912
3164246110
7162701270
8385129545
8218755963
6075110208
5486626888
8309846287
9229417574
9187475251
5076725585
5797154863
2646367429
3024478668
8850209555
9175530856
7509993376
1516121308
5648281027
3603065092
6541500018
9592670271
5608015517
9044428292
8556032672
5059289548
5698701111
1678678660
3810631963
3929137230
9175918204
9436032701
7811427069
6824604369
8572741214
5407871296
1232917297
8221248923
8615414729
5927015616
7141150210
6034439345
6374929851
5998183548
5596345892
6508569382
8982546381
8872177432
4680303243
2148359565
1543108354
9943028675
6174365314
3664467308
5928200847
8612880808
9901623858
6655972434
5984517822
8779863725
6778527797
4545471639
6853756613
8561505861
3875464971
4272002348
6594070335
2589634701
3209426867
5712537621
6107885196
4374836760
1869213945
4784979050
3169636102
5528486265
2662106253
1332475037
9268707275
6491288035
9714783081
1917720137
1176938430
6110988283
1549822901
4835004512
4349408412
9573005535
5998899073
3215883829
4616170650
2784792259
9086953577
9865259681
7254527652
1971992076
4376059960
1797710358
4578550796
2994954744
5535030428
3655824789
2505856541
1634473807
9570732983
5499005536
8558207376
9251528546
8227630338
9945282994
8993402324
4126379809
8455023727
9894671442
2014515415
5909784619
5538897995
5931097088
3095803576
9805099540
5772064348
5816746040
3955944658
2445664585
4145289026
8802692294
9641937673
6978090227
2397048128
7976658271
6749383832
6455172176
9271871381
7124390843
1757529073
2255878028
8788656400
6393404817
7705047505
8195262282
3792706904
9884807545
5712049592
4590891702
7659175549
5345477907
1241214583
9236092575
8066202120
7747694632
1362205350
6868789633
7800534639
6191763776
9312147500
6257095161
2466487058
7058449226
7291103169
4819635184
9314039657
8289852272
8347704515
7127406370
9988993623
1709212544
4699505180
7845646447
4738292977
4030149324
4889924843
5919279656
1999868567
1368583496
5463260635
9093932125
9597539272
1460702562
5103898128
5135418444
6903064637
4545426828
3260021826
2588103679
2817383450
2795375751
1395515220
6505762555
7475009248
8375027582
8480646914
3198364781
1234495048
8018902876
7964820098
4283741983
9928141169
4864121193
7231318559
8372015455
9741760317
3415815822
6431582477
9556821534
4967252907
2956740015
9916479302
2308800904
5587108114
7540524052
6764163126
9207227236
9314728018
6922619802
6967082907
3818500891
7908866327
5976395760
5748575331
6388309505
4792875966
5492963956
5486227304
4827882969
8568724158
7558105091
9209708437
4436955970
8805490465
4714548374
8325576339
8588341054
7925812398
4419686672
2388643655
3442125122
5657823799
9093842722
1442743431
1968137126
6803284602
5080447633
4198396828
7207902899
4508405352
7792982127
1308564319
9327605552
9707653734
5340580755
9121337474
9936918069
3777978079
3292627313
8181467883
1629722877
4547899513
1136590729
1013968213
8168067897
8258307139
5856292260
1969777854
1352976488
8559831161
5087208615
2705943585
6571905696
2579093568
9263400974
5637986012
6863049854
9170175165
7989955669
1029366433
8527733453
1832817613
2340519305
2678391293
7768924617
1163449317
5532523505
1107993786
4756531647
9257042766
1264717645
8324653359
4331953406
8567148721
2155866605
2543063300
6761967050
7671443809
5700175158
6109824239
9142682557
4876107896
9425767174
8406193114
1144945773
1424609119
4311513202
5997733092
7147191761
4061449177
9627613131
5960225151
8714536599
7439027597
5518877308
1220000516
8757534180
7780359734
8275106804
7115244006
6025944774
8613930568
8212799395
3334771459
1542656071
3902650607
2054991162
5200441646
7038134213
1787884871
2606488749
5032388248
2558491791
1047016411
3810734881
2319047575
6139713907
5141872663
1180202211
7140521124
4304518743
1576439562
5891352795
4958191620
9853514193
7472990773
6251800962
7267874341
7627106539
9686735247
1855691475
2287070302
9463150384
5630945756
3538728544
2694954122
2435842304
1253434667
5732651674
5309384462
4277781017
7764303474
8308145570
5487500802
2824222332
7094382941
1836792957
7259604132
5758045714
9985325913
1484448463
3996024071
2769595078
8061807036
4857033698
2375560885
5425434675
9098004398
4193339083
9998866858
8293768656
4885198003
8947882471
8069463896
1672819600
3397899342
8849591231
1405314502
3161019545
2904998587
8976067183
5247497836
9248962527
5531291743
1517532530
1507669411
2610281153
4514235432
2438690831
3713943346
5804061244
6175488768
5984331678
5888669872
3971221381
1184023403
6236075069
6082238649
2626228221
8651592826
5084496189
6072256401
3510734785
7925861965
4264416217
8815330417
5480189368
5640540269
4310660439
6475303374
6199350900
7911923585
6816891392
5420574456
2541683106
5159810176
8777267964
2579857710
1724276426
9598606099
9456524091
6970055979
9782081776
4610936723
4571632672
5044484442
6834675492
6524169201
5285089181
6686954751
1879748837
3317694335
6685320623
3631182559
9819086207
7040278388
3198459898
5764503732
6832466747
5283416697
4749613232
7748089380
6950169796
6547359868
2595872109
5769342887
7241447204
3155167934
6596384839
4230749301
9328490351
4377302976
3838247913
6932415889
9130273965
5397482727
2209983623
6566812597
3911480242
4806187330
1574115805
3355960730
4020357661
1196245803
7350983227
4394704630
2470629021
6911117193
1330331831
1725838023
7711997972
3023945731
9571640693
5755129249
2654434673
8383344273
6505006435
4109415145
3784919412
3710596941
5849797884
8108720834
8498125455
3463251029
5600998837
8902044395
5279575595
9974661903
2206599130
4617738321
9081196949
5736468807
7881259897
2591189899
8207464090
3653216388
9824427564
8113304259
9209233337
4767243482
7487471670
4139158193
7315464208
6758551357
8705084994
2444598122
8604118479
3007574364
4291557653
4211880822
5278360175
7025693479
9699479428
8169388678
5167036288
3137638321
5262535371
2713130368
6824234899
8193435667
9133527044
5702525458
6029374754
5888581152
9267425056
1566918666
1002177583
2957719965
6334305235
1259283937
7699754722
6683670495
1497897416
6381510559
5075298083
5866640488
5043413782
5356168581
8785743966
7099759696
5858687399
9486898960
5910853681
2571194580
5082927755
5902001147
9897601393
5035508184
9855369047
9583639298
5532966578
6023113375
1652862913
2663077956
9427434437
2523363437
6487412599
7525882585
9959838276
6025781151
2375693124
6632851949
2370149807
9011804964
5275439494
8742255325
1464733312
8486614197
7274481495
5197682696
1303120063
4978791470
1013224949
4114643767
9348594195
8247272708
7330130814
5670464469
9027235347
5630202324
4373150335
7096932852
6731427782
3157244942
7762831818
8268755506
2479294330
4386046845
4715062597
6818243721
7507648556
3284717294
3509441197
4002627876
5678176910
3278711300
8055573790
3027181327
5684412200
6939381596
8798284406
6744228423
4244898107
3260762284
1233939318
3913928985
9466862568
9993324086
8998055734
3730167077
1317094089
8249056502
2167285109
1530961598
3141167994
9394101085
5243018296
8190368041
5766460919
7879410139
5859638262
9446724654
6494485232
4331882817
9362056720
2419722423
6007279885
6066649827
4092849118
3230850334
5286477017
7520836891
4223842832
6626627765
7649450073
5589062948
9293953351
3984903060
7173029968
8777400415
8064430057
5483888074
3515605254
6216753589
3976369247
4506776856
8660491960
6655550762
6910687403
1458014541
2807503092
1749838865
6198800701
1263153615
7759959648
6519138515
5754200408
9605376679
1142269802
6160710267
8073241821
8902855249
1521490846
9886531726
6394029179
2949795918
9753870680
1355817706
1117152066
8789505154
6328872321
1563941828
6550641125
8971879842
2842928119
4612491548
4228924651
8449171977
1001433900
2895643479
5243301647
5800601276
1836635963
9528679013
1855178095
8840087671
9228080075
7586396906
5033004142
9619207634
4391903937
9211498550
1003709627
6866161810
8412231182
1983776159
3558803984
6716255360
5747235038
4022086872
9873244538
2483917959
6643924802
1691707314
5351879315
9296572251
7049761788
9416358542
4537298337
7603312613
2118076185
2111318064
6473028916
1113456717
8094072128
7621854884
9362075470
3387124126
2815985302
4723588315
7901357448
6641816487
7391063590
8166702490
9151510996
4904582625
6340270534
3832906395
2248975580
1779199577
8354226337
3806906637
6651174933
9050943106
5354108552
7356054852
2966548681
3838188011
6115461940
2544247691
4985697375
4157596304
8918008143
1124470333
5644102610
1943207746
4740148949
1493277389
6201121899
2605619433
2679887286
4425770422
7672367942
4313004009
1484670514
9026544065
9438660344
4986442044
7845248028
9689146270
2092542845
1944422301
7121714302
4878895531
9572108740
3383821402
5841103182
5806444596
9203285074
4567831211
8090288747
4975691213
8520273423
1365977583
4955751281
1729545229
7656368185
2813902033
3456468936
6084768119
2925466642
8748907488
4755957466
6558009566
2526444180
7926019789
7201540353
2578659588
4590469891
8096263089
2185007251
6314315003
5625474408
7966393601
9667383714
2998824865
8166691528
5969103395
8661794440
6041786219
4203778457
4055327773
9415741635
4053723211
1288520165
8033045189
3423481178
1020335067
6645478896
3308269185
7666977239
7837170347
6028464388
7092695757
2509643276
2036112729
9870920791
2584892199
6922675460
3848309314
2903585681
6477029576
6372236003
2993655786
7795029519
9170915158
2657121950
5979276642
1698485432
3143887935
3257414559
8847301738
8452826928
8769256203
1888996714
6158751304
9667607759
8564850003
6890906763
4461031717
7779217678
2388176562
7961550052
3940762838
3239545803
6705856016
7780085786
5735904728
3423919121
6048348845
5672152130
5088934658
4217618124
5379664831
7015893847
4531284698
2677531665
9725374047
2455008881
2722884358
2553362542
9452519175
3923662116
5126183367
2801572119
3310530479
2717412910
8883405507
4556706766
3696694061
3767508891
2203480003
6367737459
5583896416
9723808693
1947611558
7017323154
7470883928
6622037692
4006920831
6503840279
1803131063
7626804012
8316425442
1180858900
7793964769
7374491970
3450622993
7674544327
8780657596
8866106022
3139879320
4317329234
9714731645
1752699539
3056982080
4694056311
4511011313
1230003706
4954350521
1419243502
8460421480
8492420801
1361630855
6816326582
8767868134
7784299593
5682917397
4565817141
9207149738
9500981410
8282194607
5704861574
1247907556
1925313412
1476853604
1879264327
5679992422
5828156941
2228623854
8893528660
9116366292
6030844902
5661227138
4390142730
7840306175
6772793139
7786496870
3497689483
6714815269
3637077657
3980956388
3577572063
7520000487
7286017158
3799579379
6054262467
9505202290
4833450708
4108356934
5722120998
9891848565
5622755545
2441034976
9068962590
8135954593
2349102152
7406256014
8637554848
1620814547
4930779260
1559122706
1228576917
8124284568
3406647655
4997055616
8913278923
3002387666
5948929355
8473038582
4261374337
7199759047
1755599768
9399179253
6091769400
7808752969
8432020287
8571202427
3056480532
2205966145
2767667253
1846267782
4714668910
7778282877
2297729443
9582626982
5302930606
1379458180
7601038652
6710711908
2580388984
2780040998
1704779768
2007629532
7757868876
7096585594
1985517926
2501415885
8965353319
9458961856
7102639651
5957579055
3534661801
5740526041
8927515342
2159044055
9954025305
6723259825
8780117968
4769780192
7710765183
5769758670
4054480851
9268180266
7365459175
8363980863
4793722889
1185760993
9242617364
3772195045
4123261321
1429809411
6965776470
5053851511
2425705870
2625471526
2811592692
9650664016
9735051795
6612702516
8048301001
5339952437
4314828567
5635670769
8094567911
5741898802
4363426956
8549365597
8415301622
9367798196
6421227229
5464164169
1598224726
3674757731
8524989168
9835966696
5308833028
2410665087
3090955509
1758682474
6618050967
4292767354
8836935290
5288891502
7770502731
2512991294
9128823300
5860319259
8265379960
3848728058
9381773832
8487102380
8627885729
5052935686
9961835720
8754610746
8474287764
1932560901
5313920679
7986068088
8644776939
4513996026
4791386043
5283091566
7369107316
1137218698
9098325808
9783731650
5027322285
3013190615
1733475540
6518612590
5588430130
1036996949
1693284170
2785156031
9561955338
4316067802
2660579881
7660150761
9231381518
7080561243
7066764350
9820515646
9789291167
4576909071
3987260378
7089720417
1455648215
1665645273
2108570966
4607500791
1965993420
6892855366
9481405591
6152359426
4660993238
8071267665
4523416435
5080909968
3312437331
8355664898
8733944845
8430939343
1687014501
8577198247
3631575783
9332216573
1860375293
8386322681
3493488904
5073944780
7019218014
6717927921
8997855414
7006762573
8585679856
6831266164
6400308974
7934655239
6792666578
4877723780
5750779686
4259091325
9025996608
2537268958
8448140842
9176171744
5717326101
3185757736
3751874356
3435795491
8375489253
2830281883
5684992489
2020473726
9324378269
9014423289
8388390447
1701384245
6503118134
5680166846
2912839958
3914766355
8861892358
1778074106
9909968799
5262015425
3945339922
7721419179
7180288244
2419104516
5385663123
6387563012
9244848003
7907833149
2740675491
8106353401
4383065815
5785237360
7111300201
5149907023
8141007364
8258506311
8414925705
3557831442
5951358623
1935569724
4463344950
3902082999
6990288166
2063958549
3323607628
2836391561
6217212520
6465671033
1010798909
9295403272
3118506906
7560945553
7359391748
9948354161
2903474845
4708625763
6187368333
2272050618
1470400977
8846775691
4018548385
6617185165
9594164648
3515270986
9592253695
6387348142
8121787213
1170390967
7150413170
3349349036
3774342184
2434319425
8859310311
6188628059
9123749891
3012245651
8664623655
5203287439
8914237984
1515764842
1284879529
7609972621
8512823426
2095334047
6421587205
9670078799
8959183457
9049442688
4643236779
8271433512
6146842471
9910069346
5876566212
7429202247
8143799784
8266939210
7357145477
2201318702
6176360448
9144094973
3376469295
8845285868
1506967477
7684925781
2094058268
6768342906
7361757777
5384608873
3013530204
3032341090
5886679567
7565199325
8345695841
5585849588
9242259273
6113447237
2383775238
6697962382
6033938472
3020656042
1548390301
3164677386
7501478035
3884970484
7387999471
1175412525
1387377429
9753727682
9816249218
9703618349
5864759427
6972774891
4189812280
3739398580
9216058281
8400349859
7673930592
2556598801
4655568739
1497776239
4168119623
1366867955
5248836929
1114257771
6177339588
1518580245
6627655823
1811934274
5864206873
2798196313
9124191954
2617646765
2510995638
4066428889
7849718550
6814496950
9780698065
1820040004
1577490346
8883150575
6974080939
4670388837
1880513661
5336440816
3001482398
7100373462
3060918637
8884161745
5869446847
2691438091
2062444519
6180944899
2635374907
6800174432
4807587301
2248994774
7782063866
3801282230
7466930667
4787686322
7467603754
3701957212
5391926857
3216547129
6350289885
1895241031
6974143064
9070971129
7954357941
1424284095
6272653499
3927141890
4624015677
8695096220
3151256115
3177275826
4068880279
2403232116
9227471209
1312248791
8037461093
5045426520
5805850789
4074214007
6650464579
5072226122
9565903451
5501468201
6870334395
1181735550
4087913983
4744312139
7847688684
9877522474
4659755677
8977618614
1118877969
3443040089
9953540061
7808779616
1636469055
8399156794
5960950124
9195689328
3476366147
5403914804
2241833619
9145091552
2056780882
6746798715
9962094521
5219196216
1345573771
3758966063
6813104963
5569510456
3911559066
4537378490
4871621451
8408308190
1193731814
5100339790
6287332195
5300908054
9873010693
1711237953
1401604860
3564939731
4868454358
2343617915
6555453133
2243714673
8513885112
5296076520
3998497318
2472532457
6103094202
4874227818
8145883906
1041348980
3368909945
8969295283
2129797345
9718101320
5726514807
4915602805
3315250814
5703421967
7319954912
2619109873
2793625973
5209514343
3038842160
3807033280
8889509858
3927579895
4650950986
4880441765
6127991075
6029989339
4468398766
4085546313
1213184557
2256004988
7072975962
1217472626
3157197372
8001857785
8273870253
8969165906
5404215072
7426881372
8707515577
9907421885
2688254645
9588909660
2929892699
1492790561
9615187455
3476906940
6250748448
4671785774
3981836659
4134604355
7944564843
9757136566
2620368278
1906121874
7435081839
6077931034
6695522731
1529338740
4828284605
3126608886
5663248716
4262012475
9884445955
3811762136
3423075159
5727475304
4417733380
4753563036
9884939911
5857190516
7520564087
6886688816
2343388302
9882846374
8621015907
9464784886
9629299075
6703406950
4495587880
9154261126
5319493051
2779062537
8140458913
8508882362
3548554774
7486604814
4897896721
9377045142
2463235629
8298733844
5705279232
3739532762
7587875923
2391209232
5458493547
5129205077
6907200895
1922803875
9682370179
7002417434
6534127591
9457336562
6481736225
9817110062
7319153936
7453374225
1103156657
4983181347
8341428100
7712320355
7731170161
9108965839
5125027090
9179183957
3154456468
6408431774
4722369552
2607009921
6278490726
3677854692
4812828241
3607420390
6531213384
9400690798
1556814971
7526479675
5128039302
9317637809
9804334034
2878011627
9647043080
7516731708
7034068387
5424650025
7457430715
5127620132
5481989602
9788702979
9281637846
7312853485
2438820683
4276507833
7660960377
6313685170
3784915835
8684003366
4089842933
9432785701
5751160118
7422881207
1558288776
5092848687
5300045668
8227950153
3380248450
6667183741
8436494324
4515752573
1721986634
6217465822
6179927232
1395088384
3156235465
2387682949
4199905805
4859842508
8458700218
8637311884
9697735664
5754311776
1329750293
3841477956
9265424664
7846909057
8072838258
6848144218
9393075071
7297323482
6420294066
2816445029
2174247563
3390641283
7856166050
2091297120
1100877905
8627749563
5288152049
2473112344
9616297380
4498261881
7947398343
7887371436
8838746376
6228135728
5123144380
8825514635
5018714613
6628506557
4785967190
8986024238
8617719773
8640848717
4155148375
7327513450
6936705659
4408350661
6812502999
8197398151
5788003633
8901177422
8118424984
5125983486
2209834636
9867056122
6619048142
8151322188
7526021475
8998612788
2389924816
7437896387
4155032892
7449814658
7461198571
7163503810
7944347766
8672353530
7264892841
1166746586
9570713607
2899621433
4335119194
9932084730
7208076558
8905078132
2526504835
8359622916
9130499415
1627748204
1003789358
4942957565
6609801044
7471284955
9370946918
6347205490
5016448682
9939373526
3275170262
9340335272
7226004858
7429233263
1195451160
9853791971
7657416196
5818763325
6266504811
7134965830
7933276283
1037518772
1890715529
6279633370
2965711806
7869304873
4628168727
1370748303
1460004575
7094096994
9697462678
4388460848
2063565095
7368017355
6686113102
7464362020
1490445743
2079617212
2979962961
6867373734
8906348828
3870938023
4967587395
5777205970
4941708101
5221065283
4085430610
3310352961
1675843845
6477956380
2334128251
8749664650
4200569373
4446880436
3728672622
1134279944
1608415388
4134559456
8893651681
1467184958
5848925729
1309877836
8961065027
2240229323
7788547845
8764541327
6112247460
9491378467
7336847195
6192117967
1601320619
5198063356
4120970848
7977335821
1868753882
8633316824
3120204909
6122704024
4837720050
1119033634
7438532971
1568959746
3910587414
9751849260
4297789404
9190863530
9061991226
9507433414
9991521102
1396773231
6946570656
4734283639
3738480297
7104117042
2650601476
8701233403
7159226656
9171010804
3126249669
3738208125
1629441990
8124689393
7723549643
6443652335
2407382914
3765583522
8525891073
6737113403
5089389446
1977576620
2780060287
3294838402
4689801342
1692325306
2260867588
1144757113
2654146570
8100835262
8603957262
1850563630
5577208677
4646539319
6010711793
8580876647
2761144210
4247763210
2065772235
4336622276
8419426375
4778897052
8663194428
2933856046
8442807804
3404892850
2653624841
3016461031
7832028963
2068980997
2608889116
4184500901
5289030702
7384258480
8281159967
4451702019
9173544834
8288144630
4521612557
9036913121
2924526852
6825858779
6866628305
5369886792
4106735765
2994154419
5481363483
2191183771
7086237971
8115559003
5203954729
4887785911
9419742414
5512454508
4989917047
4015411896
3644626254
6865336729
2064961581
9908895860
9367791676
3663186727
4259129314
7160455950
1663195924
5080149930
6696214735
7892739848
4190984539
4591255125
3875853538
8323965900
7402865604
8110003633
1285099762
9660532915
9767546317
4681512943
5651500372
1617963284
3069918648
9231602422
5425404597
7771951000
3215829190
2601932744
6227103568
5465633038
4336552657
9013565400
5653434250
8963781200
4522829100
4886256357
3039018140
8275967458
3876163925
1551790097
2632464135
4004882681
7186362553
3877182601
9428235743
1638153173
1600451971
9144430462
7539125092
5485025160
4936382190
2335096250
9485039469
9122823269
9120006198
6882163514
8094572150
1088441469
4866866150
7507659632
7926179443
1497754022
1591547254
6324955925
7688326123
8390902233
8362282363
8557570877
2450644075
1553111603
4275036906
6693496656
5227580554
5435011461
1228000531
4752824354
1867671529
3458685674
3407395383
9069633997
9324598818
7036226078
1629036925
4909084518
7023941941
6868364315
