4971515106
3907690045
6193141193
3053819326
5285338481
5561738380
2531423955
1633154839
9485431463
1190712813
8931823545
7246664631
2243430095
9566409179
6134016744
5307646149
9512204381
1743717115
8849144864
1654223298
8668732479
2409333698
9045953259
2652573419
4047456066
4798136571
2096725897
3678625716
8652971978
2896201773
6236001731
2053462228
9500540767
5585040163
5020661717
7529152834
9073976878
6984524365
3406197646
7667332423
5964020853
8440160450
4512259202
6880178184
8133953940
6283915734
3622784295
6278945278
8950830421
5711726706
4774427508
1691444932
2696065756
9470327156
1929269297
3619870878
1158635508
6756388691
5269609496
8659540059
5108749289
3434274317
3910840479
6910506042
1387928235
7706938012
8860971518
5784788018
1810488426
7256296111
6333623400
1409387302
7060084073
2499890863
4562441924
3606634806
3376146207
5595463593
1174508650
9704914055
5253615123
6072717068
5469274194
3493892224
7608490110
7330940556
1999024541
3665411644
4373202453
3251905838
1088711002
1791383427
7214740829
9112764829
6701560102
8268417030
8843669150
6035473865
7559023300
9288697207
5195572057
1387647092
7096789539
2626286859
9690934746
2710089760
9223953717
6114436495
6380684907
4069618558
1022594741
6151060346
9263056185
5614740681
2611922651
6438182146
9480877794
8650169006
8982911594
7090312244
8262786069
3619181929
9204364853
7600314234
3078727670
5112226454
2668208338
9360521370
3214496725
8027331439
4006368883
8031412974
9939122379
5775452300
9744251947
3292694984
8417192806
8921882880
9135619027
2928416575
4244649880
1564793447
1443091293
1721487043
2406207753
3092318104
7090476745
3559782918
3983932223
4212969213
5470577852
2767559580
6777066459
6298460290
7796535938
5153012128
1736507705
5213380234
2973411233
3016361412
3442190249
4055260036
1124909654
7606448419
9285710187
1485316534
9555626627
3535837919
1639847603
4776980685
6586147817
1568013510
8125763291
2066352701
9201421248
9371852255
4018908792
1440406670
5903479624
7712013309
8258946129
4013273031
5267486936
2998372790
2605476767
8363117823
8790580822
6830622401
5016113644
4514403790
3568740631
3029140143
9454907996
6950495625
1668710777
9179266624
7015994605
7084266461
4299971557
4725740529
8975712711
9160761337
4465838290
4601721369
3446254390
2280923222
5616455780
7570039879
2270002199
4887956840
5420751924
9183981536
8100701179
9854861913
8440878931
8157031348
7445806285
8350589411
7794326740
7499093535
7600081662
4391696460
2244927951
4396251687
9018908441
6242541674
1386171641
9537409127
1240255855
5887403714
9592044831
9562193383
2892412029
9468742210
7539558909
6430264841
7210295829
4496501758
4652182571
3099783903
6684219515
3091177969
1959481142
3537959796
6957104569
5842549090
9019308130
8394114260
5921451576
3260532538
2512534956
9861955430
1533103455
9297859026
4601969084
7647008017
9581982831
6049703465
6343637151
8436105894
7366917564
3063040953
6235774032
2567192258
3631848492
1672067075
9016058452
1011615888
2521587856
5682152523
2101114137
6767814369
6855687722
3634476043
7149286112
8016382464
3603650017
7048009414
8107308874
5897493764
4668405570
7123313063
4207592097
4912111020
3600219912
5864359738
5527333876
2075799929
2969283692
7835992630
9523269730
4880863593
7347552001
8773970246
1068702111
8586770596
8074365414
2949492003
8070486050
1842184585
9261166419
8223724521
3756567128
4374924739
1906861490
8271507539
3567471134
4145622103
7016921004
2360357539
6037425161
9231186582
1568222085
3575917834
8570573867
3474479612
1073274878
2934797234
3004069193
6635983086
5024661577
1451093872
4358207978
3177870717
6739845946
9223493331
7668197287
2450819173
5893334114
9163059116
1163087351
3475515307
2110293698
4065895982
7400914182
6053869812
7469071764
2590877969
1844248742
5305988890
9608084715
5616365288
2731013752
3140245651
9735540195
8226266836
9678844670
6506074513
3705245354
9112219762
1079706608
7240598595
6272272717
5332070677
5086634841
3099104664
1405570779
7424986776
4729273254
5759317293
7607753342
1556051017
7658777404
4690505968
2516647427
6184271184
8613570971
2288977423
1938889325
5657308757
7127850963
1924455199
5384484601
3438740760
7030213323
7187615311
6461378880
7572852274
5476258698
9525389342
3480084394
2488780981
6704267289
2356332413
8812077072
4895215798
3751490165
9554822372
8591948034
2559284502
1830099702
8944526599
7922500415
8276755657
7928635192
3584517937
2535704304
8915827533
5359486850
1709378072
4559724765
5439812084
3245680057
8050072537
1436623253
8056145354
7302465821
1772823352
7742338225
4797222482
4644687027
5696738760
8157843126
8091807084
8922972261
2980855685
7799968315
1157439002
7625174524
9651228800
2002207301
7905914910
2735386933
9546199610
4790914467
8907273647
1289185265
2231900906
1468811837
9646281058
8132644258
4434890576
1302103874
5720381717
2145428463
1630244943
2347365315
5204324587
7273377362
4577147483
8581375407
3383119920
2625812252
1340237267
1724204356
7789080041
4221744309
7788925485
8030933295
3438302212
2223622168
3465345196
7748687498
9271571128
6797985397
8332155405
9400490909
1040627431
1896738484
8880390908
2605111118
8694380053
3318560428
7250705193
9732883759
4476042200
8162905303
2841202644
5941601950
4380657302
2813506775
2281191498
8563826933
8546113342
6810490285
6087458801
1273457364
3230931324
7995743187
7787475524
3136346124
7855778299
8722556777
8629191888
4436373580
7594143827
4323294123
9332382459
7631347348
2711611014
5627769356
5560068939
8200802744
3409200797
6905340733
6634137171
4736840966
3678658457
1355682201
8343848364
4982069037
3996188236
7209673978
5318390401
6995165884
2156405114
5094416879
9621562086
9200826759
2896088016
7925526618
6302893036
2040084232
2053488777
9399365987
4134956643
8049499640
7114984903
5769783846
7558400457
2888744811
7416708659
9417186776
3862324961
1993624138
8684325706
4115656108
7204936268
7512675216
8804671603
9775271071
3475718096
7530516829
5877802871
3395676500
2327566347
5209993106
6230711601
9050810609
4403619851
8777518887
5897613675
4554215620
5235612370
3486228407
1899540147
8237305729
2776530547
4357681723
5531597033
3461770694
3022127868
7966527447
5008953380
2263690329
1458161483
8104357625
9385928293
3573459490
4598423024
5155164846
1121770619
9291909222
4316410025
9629500903
2735167021
1954132718
8035732204
9780449710
8257944139
9973217936
4508805311
6990551521
2810808158
1923586762
2631099848
6890403068
9657376402
7286942471
2909092578
2824522069
2763754144
1047255982
9106900212
7078276912
6173240273
8460589510
3347795109
2273873490
2579098040
7589702898
3355465204
2951411748
6158498292
2851051813
8554966137
7084001693
7823942072
4083315908
7828746850
3675249045
7421241344
3433107626
9884981771
2290030078
8649971982
4317560729
1218504096
4958909296
7558135870
6898714548
8160889870
8762533537
8126502451
8913969144
9545186320
3464839660
1142272578
1496937587
9632055498
4875748685
2011880030
6099769402
1050039741
3967431150
5764796951
3873378229
2712375566
6318804035
6112038696
3842381326
7878623949
4674650010
6784149496
6296117672
2320179385
4114266006
5697558181
9891443431
8278565907
7657681414
5324670260
2798611667
7525118114
3750743453
8533827340
4993482538
9858051746
6108792814
5694831037
8619123421
4960494075
3643080503
9594359944
7374168640
2571206334
4485580699
7802765550
5729106761
8643734467
7467062665
4931551499
2383386596
8340786922
6553186528
6275253977
6299283357
3164413211
8292667905
7316094869
1442836466
7653491145
8381948557
5268770334
6346319359
2340386441
2478948523
8068842829
4413010908
6053136829
9015852941
1557678387
4955096865
1597294519
5324369452
7820916993
1396424534
1062277804
5591995220
8356478853
2635218288
3586246185
9916608097
6422701654
6944508242
5688066545
9549422512
6462920929
2398413156
5308820525
7515483799
7464070851
2480774123
1127372475
7201248733
9028504977
6871846340
1221716219
6974013431
2208277290
4745118106
2418398454
9328379612
4295629736
6125937374
3159427237
6092939107
4041821872
4887257222
2323218548
5019240415
7855047538
3047231543
4798378860
8617019583
7270944455
7045323765
3833792049
4599388713
5462778535
4938591850
4457409786
7560859379
2349347029
4087691291
3379419673
8363911608
9761055141
3315415733
8932039231
9955401126
4155381910
4980547388
7731054211
8388339496
6549383339
2545107067
6313301410
5694045819
7724090469
9903004180
8260034409
2891974374
7660344602
2067222241
4191485131
9984538637
1577397636
4976164567
3174564537
5112186255
4630578869
2539759410
6924351085
1744002687
7481637522
6649094150
8616916238
5130694788
6592671251
7108172990
4632752729
6018499599
6021365857
7357976606
7576018257
2256958769
6440217797
9900591408
3222636249
1474255328
7417361911
6963882987
2460195021
2528841395
1711550565
7787924911
2579965374
4405911392
7665430046
1291632839
3577314396
3850212302
8644904837
1797149408
8451054394
1917125373
2629937962
2509736225
8613432537
8297878618
8905563982
8083151428
1445427904
9342794159
7673677533
6948655745
9891040406
2369822102
4865516648
1733815053
5704142368
4236413437
8978635514
6714538828
7301218286
7582372417
8194507546
1589432940
2560787322
6008220061
4350321235
3203823314
1459076746
8766496847
3737900456
5710634259
8200100965
9863916794
2146716749
3710041477
6778682817
9181783492
1046278366
1664920167
8137209556
4541561617
1934873983
9418356920
6486828838
4548239469
1832881295
2502682762
3672531346
1493050144
5349719803
7086704584
6843276794
7743885107
8177194277
5653772335
6775500070
7959062738
4332233550
7252891692
3372692201
6322626288
2328224075
8984801302
6212643761
9561952156
1256046768
8086624516
3481426888
7874631397
7601455519
3439192522
8162353702
3632241883
1954503458
8523859015
5499913868
8462185609
6823736170
8347682629
8832700987
8214204865
4130026387
9289164181
5714103924
7880228291
7985187305
9083663308
4518679788
5695187322
2744702243
1582692941
4392512411
6123209231
2797391831
4056601550
4407462910
7372820534
2380435361
9598250252
1652000234
3343524166
7409073939
7068473721
8249640251
5339526567
2426635441
8646334923
1580480812
1045520607
7003665874
7093667436
5379659849
3468765242
9101977174
1829566469
8589149061
2253632137
1995545888
1052495355
7443012981
5485489796
7508346945
8548937263
1120763908
7661957761
8164893242
6594367392
7169342931
8965348882
9018270667
3631929720
9862081691
1071707542
9455272815
6203439657
5423388785
7267564125
6288334696
9649173059
6118378404
6729321568
1674458227
7913759637
5346842414
7311459525
5200443009
9316662772
5675750543
6980090733
7997255997
9097042930
5377516753
4682682743
3502525626
3335732785
2701215783
5863627053
3360521191
2863513340
3999152512
1611905238
3679048147
7119773682
3911504163
3651029350
6195308244
1418652873
3941137603
9063410194
9448606417
8984022870
3455303280
8824592857
8948787089
5834635646
6079232160
1181002878
8257031870
1195303190
4343474433
7707382312
7470720008
4195148254
3159927462
1171112485
9281356613
9420587301
8404300841
3664304396
9037919200
4382315915
7855857311
5281499545
9515250970
7853124504
3505775241
8435238440
7775139656
5581356130
6099847254
2282065675
8012583274
6158108366
9089624547
3673158668
7154398427
5307755998
1673904983
2796120985
9695000388
9315029689
6796563516
9354880459
6902193441
9399789051
1658334149
3560454572
7242234430
1049544071
6590598573
9770300612
3144265539
6721993324
4577725943
9326727295
2041708503
8081816498
7919194162
4804800732
1119428410
3808227656
8802252420
9203107351
6344061627
6539380198
4190543389
4766689610
3358305358
7170213390
6999326006
1814766117
3608860793
4821061772
4271910771
4056379780
8877195387
5794256647
6943983444
1911232399
9616605822
2030058112
7694338129
7063815782
2978258018
2668748180
2035307054
5010812482
5579982270
1719724545
1116656890
1623609875
7282287790
6781014390
3935857657
8188024480
4747671771
2999001352
8556521416
1373928583
3284046401
3685769266
1694827621
5203884943
5717177267
5773849998
1516461221
8159005836
3298692215
4048529273
2080147603
3631109652
8158164622
5505842169
1950134634
7912460130
3103112172
8307232028
2083892118
9879367210
2725564646
2117412809
1113156273
5905045615
5821139562
1810154281
3813090299
4942309284
8883171862
2423704496
2787089026
3180614399
4893238445
4494001538
3019814063
3433100154
6878354959
9611114243
3682024143
2384688303
5531075509
9150380171
4276519701
9203249069
1648193965
2310659765
8447313870
7757354398
3206369183
9723859432
1640400320
3107172335
2417002791
7405951000
8207123967
9773488573
5589331380
5080161520
7423056831
7337250313
1359526795
2208923503
8785604732
6367239889
3795459939
4643027095
3082857343
6671102961
1584203808
1420893259
5102328410
7069598739
6609244371
5598141163
9696067025
3183973659
4373102000
8482118576
1684269532
8783921248
5115357308
9506866278
5361829848
8315259764
4816044739
6485055993
7322971917
1165447497
6457438146
2671664796
3218387831
3252699887
1831658661
2539883523
3582069005
8498822339
2512775586
3028775848
2154215554
2085407046
6777084763
2375383056
5993835348
4611139883
1251736315
3539929476
9476941486
7910108602
6680849127
5807461796
3481736381
3715919643
9449654797
8546587048
6919164738
7228347910
5744938909
5456668833
5935029628
7349288281
1568489136
4250073041
7567274877
1420343072
6831791888
2710685038
7399483666
5694828721
5731475736
4319482951
7635187345
3225311211
7186353060
6488374159
7272358881
4658023396
8297840346
6510510418
4126841526
2675154225
1080721874
6982769176
7282007037
4847461347
3722733267
5958143931
5705847275
2855448397
5588850519
9210034230
4437630348
6387174184
5013595315
6770509499
5815849454
5099199473
1967876196
4135114985
4004732017
2680038025
5185631596
1488973311
1780829587
5728663164
1494093991
4176993348
1799382515
3604449785
8405190744
2617316560
9832637028
9677566270
1392962141
4142691734
6791467792
3465591876
1448171815
2219409009
8137864705
4954418739
3228297197
1313505700
3406851024
5937306041
1877076087
8068889304
8878457145
7319790366
9789876209
4164128263
1880730649
2389566630
8837268933
7790127451
9011199581
8211940233
1916995131
9344822147
6143703951
1729390835
6377596475
3135408425
1114315985
1961736069
1367698618
1686600995
6967352982
2783600222
5078631072
2776574126
3970078549
7280829118
5472640260
1437370152
2535605439
8751990343
7277904295
3188957990
2358594626
3623423296
6400343856
3665823420
3415981533
1570730610
7431546631
6771989561
8387350636
8225211888
5618409241
9736795569
7512786592
7674367714
3494502105
6530220240
2942699636
3078207655
1751878906
5092434473
9406628971
2743363406
3668723256
8519424719
4301322077
1728847305
2772062806
2369567742
5149010946
1615696927
6153507527
8409037964
2543555765
4605747677
9153962402
8279082889
5342563739
9950488730
7005493246
7858572418
7399536232
1867135220
2542073868
7625440394
6276076802
6811128978
3264465741
1900974757
6056331842
8369307240
1565102927
6297371517
6789962165
6181297467
7088309737
1002055309
3574298829
6022158545
5978094908
8024949588
8146110312
5992710710
5963059811
8001883642
5754862790
1954430105
9683844806
1685584976
2059928906
6620161027
3325042916
3980114711
1455073395
3552524965
9544697177
4517233877
4935129701
1770581517
1145092961
8030611362
6562896818
1978816069
4282746110
9349479465
4515608261
8159197480
8991833131
6952981174
3732187505
2632838972
5585923948
5145516037
5991724184
6284247992
9318054921
1817205905
5341152638
7912794754
1914521047
5911258391
6244311522
1659346920
8889403304
8959947113
4888456221
8927258486
3792790244
5178609670
4495153254
9169217087
7639598598
8058370530
1959397471
9173988528
8705838051
8836715678
9499396349
2358437726
3479278405
2783279224
1624147819
8304002070
8069366533
7892164717
2679435883
3148687513
5798463834
1225754607
8195519172
6745643471
3067139946
3665497068
8394273291
2406652009
3757686235
6589455821
6880624696
8996157178
1709684572
6024784528
8000027896
7256096736
4432115392
1324780070
6203311231
6610277645
7402284415
4936755719
2337620529
8148306825
3092908112
2402346306
7366605353
3519347435
2072933345
2864687391
2545985323
9771266415
4285842696
2879640654
3250735866
7973875693
5492239623
5618457652
5787405251
1291900544
2620949347
2959512761
7170607527
1845421395
3566972673
9186054404
8924476288
3508033740
4708805937
7275417993
8284610394
8955915017
4222321961
4488155237
5551333914
3139061507
1160438390
8514006016
5313291368
8293858978
1420854071
3659237678
8435001223
9125088572
7841581426
8078541543
5832205478
2665669560
8109085064
3111070680
5420096641
1674762360
7479506612
1361555126
4389315635
7727744729
6783911087
3646504368
3646184174
9377653035
3325612609
4109598382
7392386137
3958114187
9769539023
2479109011
5118325003
6634858897
1504709696
7612572737
7075673244
1508616978
7416901823
3819570816
5737803739
6391334776
3880398987
6018439397
7904349794
7316567778
4178159538
7043456256
9718762981
1719583111
6106720038
1835903608
1894898138
5752129544
4081324128
9518995146
7169966695
8588726074
5690349077
3939776708
9899081338
1914210504
2480277730
7460461763
9278337946
4309409025
9426358521
9707002121
1917988515
6926798632
5942595984
2802783499
7877648991
4617947152
9445087224
1338722083
1985564959
8376909373
2054771195
4933650614
7255894216
4474479238
1657301960
6895192986
1900010228
8431940097
8381418245
4579074677
1714710702
3343023832
5839612104
3630095540
2490291764
8151966991
6776016653
3298108499
6638609465
9122330130
2775437122
7894121863
3661621296
7694180492
7510136825
5708193532
7772513305
3093452103
4773326310
6527141528
4597407425
9368634176
3619111098
6203885785
8946408976
7682015905
2815705949
3354903812
8386789647
2056330246
2734424309
5628746308
7564088752
6525196463
3333951812
1838547029
7490340778
4413352888
9696301812
4085866768
6446440450
7279853321
2184943372
5208685294
2123050963
7616325026
2878766874
8350938607
2986972954
2853640125
1522397915
9423721094
2992411556
2870070248
4246642348
9504927912
3360105559
3484855139
9978536563
1061841670
9026916366
6096008621
2842285414
7741424021
3496670800
1929019449
2990925704
4908802625
7221028516
9943214281
1135937481
4622857981
5696954682
9100937542
6865347165
3195894676
2925264493
7621986453
5974471765
7003659955
6571318844
5183883839
4916302555
9396689146
9225614088
1083720264
1682971422
9914569590
2076708294
9522353450
2293693379
3697340450
1015295593
8701999828
8749043670
2717345137
6760533218
8432606680
5503460011
8739307663
7155551815
3812742434
2611916499
8418557281
2129953281
6109611509
2121474169
3721089752
2890928719
5912816130
5882993209
1247447587
5253368155
8191248811
6186653542
2359753524
8907177557
5185230274
5317465086
7212253887
4087373002
1993296741
7159530997
8936775203
6783846368
7852847979
8926198904
4333481737
8716981915
5897385451
2179347497
9530106780
6997478082
7100291464
5613924201
6763044269
7732212126
1948672675
7040501787
7285464736
7732749048
5152820990
6086424204
8115555291
3052572460
5069836282
9244014127
3647772181
9706672405
2142775478
7920198349
4127683150
7276285758
6762521211
5602548464
8963011505
8624044961
8059069639
3257518892
7620869019
5716459990
9271153778
9954263504
3763795613
2145954967
5385448130
2797208042
1829856126
4126438055
2676664036
8968504523
3043303699
1899002662
4796928906
3173732441
4148107028
2737556244
5108458788
2483205897
1144202164
7516199111
3783175428
3139885358
8004563604
3398843416
6908563119
4189717133
4164380880
7003308370
3243836803
9374891114
4778703830
4920559773
3880910397
3363603081
8243273323
6377593292
8527146635
8548807152
5675794356
4083343841
3167046407
8320192910
2650698048
4505857030
5587935483
3150334065
4095839449
2116376490
4584133692
8540112943
4860504092
4262127861
9604289839
5708630004
6329234752
3990963824
3936273442
9943887558
3287507029
6777223104
1989939174
5216158512
3091848371
1822364112
1242505499
5667991011
4817287392
5343336132
4177565975
2013023867
2406877912
3964301101
6746835393
3838643286
9676299184
2577823684
4337524970
9861258272
4248392614
9497655736
7042971268
6716754147
3964689192
5074316093
8533682075
7572802637
8346192255
8973657212
6257569352
8303705203
8187853959
5360485099
7466272413
2088737819
6611772850
8260373815
8026692525
5911482016
3545324821
4480514989
2748682317
6630587666
2400549783
7596205972
4558304585
9653990801
9744866055
1679947192
6008795265
4052312378
3745708906
1753361566
4505147229
6613097326
1107744815
6488332705
8010830249
6645115201
6578842676
4400015977
9138750308
1810766233
8047043740
8119508849
2331354704
7422581746
2616263248
9768905811
3466026387
9416901469
8104261741
2090871546
7896863280
5989687819
6813484464
7219520353
6915418858
1722584116
6977014357
6218406715
1244606314
5542181325
7252831849
1803259505
3363842411
3770633243
8758124909
2665587596
6895967699
7183414567
1459185192
8415330321
9097962864
5379936511
1006767695
1896942089
5879449571
3560314241
7343484957
9312365206
5185039283
6881516142
9534869547
8168670297
1027998156
3470826038
4345401891
8503927839
8298250647
2551264346
1878290872
1018743542
6468334567
1091570565
7402655294
6141182896
9142420462
4149807042
1641954530
1981124553
4913913873
2864077048
8968671674
8371599860
7700323922
4003878537
8471154301
1283877869
1825980873
1457538810
5913691507
2990041331
2076609897
8110337068
8340620001
6840372332
5531350267
6250507148
6470645067
5616887219
8774229135
9751828714
6398200040
5700824199
9961137795
8374912516
6718546938
1489797606
3650713659
5004930803
6918065426
4226786836
3763734179
7995043116
1004566480
8907790037
6408078081
4200390372
9206939650
5706941445
1667759087
3243498156
1403125543
1756998410
6856930688
3336861491
7638692782
9383154838
2621702253
2910541439
1052043292
8652934962
9249566364
7329254516
8874874673
2883196767
6924393357
9352647803
1645827174
9432536298
7754520734
8268885665
7731479874
8610263035
5165672525
5754671924
3678097788
8026097402
3245312718
1058940049
6951510511
9255728403
2610904564
6228838003
8133208484
8235898359
6537284666
1738098691
9276104969
3600926928
4012583676
5361621426
5705315833
6526744852
3107068165
5744114129
3506798008
2258186333
5152182466
5248497182
5870084889
9582621286
2731939343
3687456981
3309777181
2908529826
6687186753
4230190474
5892109538
8928750950
8523799294
2196065261
1087363661
4831588997
1726497758
6898936685
4669438867
7704742742
3180771184
7709935485
1515908590
1243640565
4623702274
9910660507
9899984513
6934900316
6078325405
5225442684
8234246577
9351753546
2356875145
8089945219
1742338103
3454083293
1744993257
1346845684
4140984942
2767564412
3275222613
2821685768
3541131552
2579693732
3262508487
7642765929
6109292356
8719134733
6516650084
2016525373
7421487125
3976234219
7290216495
4232194504
7335823254
3608473193
4597957184
2796347258
8951435337
7694094331
6973898745
7948641434
8998840289
9659462056
7548728186
6740734326
1430369360
9741237140
7660437031
6810670312
7719458385
3782944620
8030391422
6992787039
9972959934
2000061614
4743952484
7269667510
1073693213
7076671595
3082087888
2761807462
7488588518
3368410258
3363643335
8778346501
6833719957
7272192344
6866436337
1715825858
7645247340
7135196934
4538385320
2317265704
1172388444
9570015800
1577255118
1948470155
7402546170
2366235085
3642997952
4577185456
2771791112
7314964153
5408693364
9875307232
6122046520
1809741642
5807527037
2577991173
9126595443
8812717352
2175890465
4315218168
7622065598
1634142384
3395332834
4584425331
9985098648
9975659952
1203525951
7671750191
2692912829
5049714331
7241204200
1291923512
6601174872
7706472337
5669017800
9740255023
8470775526
8704496383
4212056015
9731328157
7207917224
6838422617
8146034052
6427983444
7955749907
2773881508
2286109829
7375279495
4323540708
3790549813
2508735896
7996993015
5801336838
6709862341
7967347677
2491256784
9877788176
5766878344
6448745407
8794551602
6989444749
2981390561
4745357958
7201534071
5246955695
1075074222
1977877165
9570489927
8270144585
3537169597
6028113015
2303428738
7505116271
4191208226
7006593479
4558059039
5964764441
6992925395
2287323030
4137448803
8657894231
7793655921
4171475898
9146638920
4264809079
3403584122
2585633819
1399386579
5406685476
2518804311
9095401104
2986159978
9948880227
3834241241
9686704289
7529159240
4480959878
8036020204
1774225513
1175904065
4289671536
1923014315
8472608432
8362458152
4627756659
7454703685
2461129663
6928387013
4502473272
1027016064
7719937616
7283832328
4480933317
9065312542
8564467637
4572257300
1993530091
3658281332
3350641893
4161247351
6614642285
4330266267
9511466758
3461330944
2549563889
1699880805
7425034180
8451845621
2151742959
5313491241
9411795923
5415648260
6076127623
9956076340
6093546646
6249036113
7986729874
3872839723
3149898255
3133660825
2234487544
7732947144
3235328027
9620415711
9095667969
7179360745
4143748149
4829783841
9136111855
6932911631
6023113099
7197959552
7000558859
6176933572
1824985752
9473432838
1274872931
7207464905
4381971121
2835219193
2321965936
8071996068
5378974008
8796085858
1720474844
1816171954
3513664567
6709156929
3781096011
4759513714
5417817119
5783307580
1677917053
4151268810
5137467860
4069612984
2930531181
9302343126
7524595453
1483784785
6203872222
8466120924
4322298337
1188585563
9983575744
6098392570
3818402864
5847682486
2013454391
6901700431
5531307617
5094091559
5621975583
1374843926
4440971950
6974564936
1193174065
5238841040
1006619563
4547415370
3974952273
6093764185
9410821610
4255758031
1881947219
8433226462
8923301972
3090576615
2997615301
1922223814
2547762449
2607966312
7815081558
9263714544
1184348357
1001057820
4127578841
3602423249
7979923595
5866978126
2005725384
3621254224
6867617962
5995522408
3051222325
3422033409
3025418071
8943213464
3397368111
4120200816
6392382689
4405498446
3087175949
7240046099
2781865195
5736873381
1783726451
3680197702
1276232315
8950999592
6653756035
3050556753
9509684303
7662376833
6164243453
7788726601
7745247255
2450588819
7537224278
2943097434
5350501118
4677232290
5138820904
7155274090
1526622703
7219853804
1648163144
9128251996
6296698823
4175824687
6068868008
1160928784
6371840177
3965245958
5135280824
3352627603
9485390704
6483315878
9812755125
5544889602
5493869430
5412884807
6826001797
3877276465
9553985487
7787766918
1041400508
2087623824
8044652185
7567715080
2186255891
1641144508
7149873991
7831566111
3722463925
9276780043
4124784340
6616607496
1066589054
9945281101
6565874238
9448103203
3302636558
9045034524
2580990256
3698008525
7589515831
7281222908
1074432220
9876380251
3928379318
2721050853
9031391121
8384974292
6238061122
5146361582
4076453265
4111537959
8083430134
6959871297
7398845577
6631187210
9806084866
2724004526
7583783894
7421703522
7685341867
6179758166
6498428964
2864414195
6617583318
4486337911
4192164962
3731681755
7238394985
7855625764
5247465244
1767833168
4838327459
4792388941
6815328223
6511347319
6441703704
6313879968
2980700314
3789769851
2336436015
7070255907
1643104360
8118984422
1185445500
9043428318
5754201492
9529736206
4994725683
9744059045
4446796427
3695151824
2101456981
3093996003
5621025682
2290705463
8120998317
5959337083
3147362419
8643404631
4328015309
4916376312
1312271511
8377461689
4691254775
5383837086
1405117485
8612454816
4697470802
5345143630
4535372215
4552838671
1315892389
8420192111
7458614132
1422191002
1031349405
2467711102
9000821501
5536562068
9496200019
7897810351
9667921020
2951214320
9698727865
1665829320
9334492041
9680739061
9579731344
4879657727
7646867349
1147969161
5313640721
6379670538
8396889950
3306280700
9687047103
7529639891
2124968425
3294753273
3585005342
6624169107
4367447410
9860016484
2710361137
2833885954
5990381593
9245021573
4906453791
6233444260
3638140024
4216912705
8638389223
3993896856
4018202205
6417360382
9844870250
1530336103
2564397818
6782472131
4025910633
5507671448
3299960019
2107059035
9237194561
7154678449
7134969993
6271179514
2583244923
5644046059
7529780703
8113618735
1461266385
4678142037
2344815232
7111860463
5363748951
1296347045
2970684547
9779333290
3513012279
6721406238
7566926220
9859129899
7223850479
7549462349
7188523619
5648907990
6975689124
5665905859
9501421921
5175410796
8038919771
7904801967
2370505034
9426671850
3199965605
5011601666
5691497164
9701460348
4467045993
9999350218
4224907352
1772403957
2006094010
6156956423
3644864135
9799509199
6097600676
9091229646
4585560322
3875883408
2924887874
3211090812
5654682584
3712761774
7371481152
5493213171
2713141842
8681121443
5521287687
5606571317
2209691878
5650678207
4897780340
4156653316
7120765355
7375004073
8846836077
8700831836
4481365424
2561673341
6063997936
6294411132
6002482315
4836205392
8135186597
3963060802
5588932554
4313805085
9609280319
7279914730
6628734393
2819660567
2828303344
5965917509
1197440033
6353451395
6294994134
7033698368
7145595263
5969523700
4107467389
1756593742
2264520344
7862251200
6695474440
9141909200
2648211456
7701442784
7427004596
6763871555
7280108739
6371250524
6228850292
9556807264
6074096570
7554274429
9517969481
3872614688
7408163311
3484835255
1431725650
1061236883
7606511891
8965503988
3611217852
2183574437
4080174157
6709339496
1062190712
5681939796
5097221970
7103366486
7315762128
5864171436
5730540295
6259218596
9349281644
8173873660
6620870721
7855001492
1790791096
9945154202
1776220685
3406860516
1571512015
2980716444
6130908619
6128756851
8824949989
6946492232
7532233165
7613391596
3169846339
8894469767
5671896721
5598584899
4212454778
7134217037
2817290571
7725733005
4926858053
4911454609
5681280928
6202712505
3185667165
7830336848
6595615061
3798900707
4863710165
5890254006
7791232660
1748084835
9277112624
8737384894
7006282983
6136776466
4094095751
7083116439
1369369442
3373221357
8014734403
4042834660
2126840402
2352977075
9296842458
2056576245
6720592389
8818250764
1531456618
1452599582
4390832639
8441662865
8896338698
6398970494
7861396723
3317724107
9223437328
2527412327
6927511068
4662562131
6941104858
8549852084
4500775861
4751712989
7303444905
7223050857
2641070492
3456835615
1106556188
1424511920
7577927000
2103489159
2406041953
1822217010
2839346318
8682379899
6771707088
1409423561
2877580560
8669737450
3126178790
9126436214
7482719062
8741887681
1946622045
2442219562
9023614687
4518038297
6713688467
6342735377
7464421759
1443411448
1262326864
2164043773
3346079612
6129788936
8605790471
7850735897
4278378457
5385248284
6734333647
5446379235
8953399755
9019266516
8928965760
7732790130
8467199962
4677264105
7601083546
6804454244
9830957453
7616791848
3768136055
7098335840
6616924574
7322928388
9122446299
8371701041
7211075787
6181283410
2449961560
8716749060
6262582044
4060302162
4005732393
6239828532
9984514013
1122830470
3618080771
1681379577
2295307097
4151269264
8084304475
9247117631
4061028032
5777842488
8069081835
2445663427
2448072549
4562400192
5821154929
3756411280
3083759638
7247512139
9549272312
1813082901
8496753783
5987185041
2836242929
7364351054
7012207518
3139897032
2317398411
7827170512
2385961417
8106225462
5409774708
8690885811
9690210243
7317953979
2264467260
9482612137
9218307350
7482179001
8906335968
5836489999
1511810962
8215500126
7916300246
1904419603
3442598324
5040993536
6489350318
3197219669
5408205927
6677783689
4730579392
4757968182
3322935408
8728793908
9896983998
9309120209
7112471364
9200683623
7263946568
2423261405
4014379895
3349310353
2747472215
8650411149
5292461403
9378793306
1490140714
9355168466
7260683859
7964970319
9401833586
8303990701
7763580168
3103764528
4678704746
2049965057
6104610864
7821795562
9122715679
5295536362
2854108054
9735450560
1883151113
3163548680
7397689471
3409558423
8683762283
2871208242
4897362738
2030022132
3807402046
9905901336
2380618605
3336060905
2505705101
6647408662
3799951145
9544500891
8526828529
7526436457
2986071494
9169808410
9354985415
8211931689
8476902245
6346051691
5453652718
5294112004
2940177730
2108236181
2489494940
4327854471
2701744377
7673275472
4146390708
2945210913
7960379847
9266611905
7723750600
6163554205
8368316738
4278564560
6453463825
6865049413
9806877505
2256899919
2538742760
1906060540
7970955287
7531945552
3987274108
3861457483
6651736330
1327786592
6401117638
9173822505
2980980333
1980419666
4218696117
9299026212
8746273054
4745077909
2180482433
7102346751
7911606876
5894188296
5450979365
5688972917
3588089269
4094836495
7146334613
7752063518
2487564721
6284333036
8438907363
3673615111
1472885870
3205350486
2578765551
4685355884
2974509663
6190139224
4656746905
5702538006
9752164963
6615238613
4494865771
6113776612
9338653442
4409956711
8736328185
5610125316
8896425241
8801881116
1073450269
2601608299
4800597534
4854360859
8114654870
2544409417
9731595232
7908562987
5393076302
6963580851
4260753878
7277812695
1549568597
5198178799
8034268572
9902638132
5183907512
2719486766
8867935234
5552574275
8324960375
1291742680
2984293435
2199526752
5683019109
6540041105
4550272246
8394967553
5389984017
4082710201
2160938623
9690285480
8736013833
7506199695
4807104674
2384562499
3750943887
5575460419
7818592132
4278445970
4415993662
3334002449
2512154817
4355212452
5489656499
2551856855
2512757337
9981997886
4696826371
9011551725
3039553956
7257214694
3740912327
4501159854
6710166875
7034001901
8678925583
5933448962
7002264983
9856070980
7397513014
2832071089
8334563675
5730001187
2861902684
2765731491
1593035163
2370905949
6285673050
1714322585
2000314357
7717391726
3045842850
7577006026
8677693965
4560337963
2162505536
2419016147
3938889158
1163910573
5833883742
4158091989
2110321796
9822973595
8317530171
6583907099
9519577680
8198438931
3821220110
1193898050
7548578893
2932046203
6193721455
4936227109
1945532352
5539400365
2427004835
7784286717
5319204386
1426789924
6527571265
1873128007
6460499769
3523103216
7486429138
2497580905
9628988957
7569213506
7771615187
7543663459
3376282531
1329060140
1391461527
7825113520
4261980306
3375693452
6604706545
7694874078
5678286577
4489183152
1297699162
9808248152
7302659658
4191768218
9304464030
1509517137
3789190632
1752139582
1614561132
3345004923
8622352933
3290359712
7265653432
3943426518
9318306330
2701498673
9737505882
6895961250
9937364464
8764810013
8333810018
7294033717
7160395399
8766744798
7447275988
1382610171
7112187810
2141862101
6387062108
2490831298
3465212384
5409372475
2362210553
8527499718
8538275792
3659957967
1028588921
9946733773
9019622565
6465466246
7512545088
1900559026
7805472152
7234077403
5589973818
4652782696
4496650420
3793039371
5842124097
8764112036
1540005471
8754126643
1751122560
1260235433
7461386003
1709192711
8549485213
8844191644
6481598928
7610830169
3596041834
5981704817
8907751331
6174489748
3288863255
2773746348
1720395208
6550716035
5904425528
1636413962
3731314085
1630986204
6009602183
7587264045
5241041001
8719765834
6603743134
3350632357
2437949023
6953175374
6558122909
3212212751
7687940801
7920469400
1192050622
7943770817
8067798372
7966095796
4526953694
2645929169
8428918260
2696701856
7658377249
5198254963
4240985401
9222342652
8827157343
1528216661
7466718058
8955899757
6837246589
1807444351
2160403182
9049004247
7506467302
8394699617
8256355632
6988259536
3827911958
5737134381
8509091559
4776865495
3870832439
3770123528
3296176899
5318222639
8209614039
3186078054
8865049968
2562970825
6837660159
3722014163
6046817257
9622819242
7610640182
4169190816
8370365084
2070822024
3442710839
9826811202
7269501025
8060807516
7358644590
9220329625
5804781672
7433774408
6625232038
3818607673
8382061880
9011812108
9388597320
6275005872
6202366062
5527152510
4259497169
6297528462
4092459733
8256775741
8637030932
3507261855
7365765276
4198875043
4984976614
2663302815
1306981878
6341980903
1292773618
2852517641
2835387625
9594069318
9966109601
4397311610
5735848981
6606870697
4554219710
6061893664
1653546235
2720172982
8962483860
9450904712
1711217570
3603647720
7618022048
2590452348
5472573336
7228909083
7455841362
2667149855
7512121347
8767605378
5012797152
7302581930
7756332777
3467157939
1015632149
9013890278
6949035835
7037501970
5666441452
5092436965
2845309155
3363925322
2600922636
5372338599
5509338594
3517166926
8064579647
8994486093
5098114518
5049710603
5477111724
9010870846
6176367894
3679300013
3317264892
1903533706
1516521196
1470792895
4014078563
9462242914
6622554975
6204527712
5925168962
3437233875
7099225718
3869646516
4848315413
7295105971
1858821424
9975243546
6734719122
7562406246
8175935265
7812709300
9507941068
6719007698
1253245220
7637181947
3856584700
4218171472
8922449572
7667028015
1568619965
5197130761
7464189432
1819922322
8180877748
1813802176
4446025416
5063864501
4803195391
3948643141
7584509585
1239249955
5023925351
8713652256
5459035506
9545960761
4965387218
1087885207
8510708733
8934810138
2659188329
6072708660
4086249143
4713430011
1965671270
6844893570
1214295033
5281461615
7707660116
4497728138
4898139889
9574645241
2411252030
8210304518
8417161100
8787847947
2720218016
6687760431
7104673454
7175982722
3342749355
4255584569
5411062822
6277359812
8075613353
5857754045
3818814268
4572911915
3559914314
1039642677
2004786217
8886801143
5823922790
8695162969
6624651725
4603693615
1831324495
9576683706
2634635135
4826020730
7310470983
1778134201
3969168743
8085619494
6979240602
4432207137
8065420770
5931902958
4142615591
8649774451
2319921108
3221074286
7014254274
9335545543
4490989432
7135297007
6191662606
7333515634
2832600383
1127934327
6336671189
3185017233
4538834519
7781150710
3432589900
5488667614
9265568126
8342588665
4744718748
8684518186
4400702462
8031893151
2613097989
8473009646
1258829123
7491929019
4635021029
3688376115
2607450828
5919083070
7486295020
9646264189
6760537163
2042021750
2739121548
4860144247
1647154488
6050556402
5595886633
1498268500
7245009252
2308213098
2364063139
6029002796
6531900475
3181318813
6422568398
1620190546
7468194532
8115314258
3698036630
4299711207
3036840786
5423189602
2685816924
9518682925
3679453302
3357131836
2866001262
2182446944
7688905464
5407465088
9785230179
6352381968
2382769396
4397148576
1342958256
9075314912
7127248204
3530503070
1444659031
7333844921
1066681931
3568119243
1487692564
2686780362
7587321135
6458047750
1405401865
2668590353
3937647903
9518669847
8939191929
7927656605
2354671160
7987265996
2203991459
7306497640
6714522392
4552971213
2953297224
9277012634
9033718693
9846881859
3009431506
5669324229
8690096358
5194385818
6119222950
4234990039
5388844977
6764822193
8981186599
6920829903
4845488604
8096878304
9547905051
9730076157
3813111301
6332942393
6014397737
6776101971
6817392031
6959143221
7145596610
6976462270
3695500123
6205039848
8152372460
8149621113
4372070449
4979274003
1517414227
6745473671
3711462119
8838477198
4059192802
1162192408
3903715069
6269436244
9981531017
3062887515
3048498268
7119454827
5968701896
9200298880
4684761192
2889382346
7847757064
3152397410
1025536835
1101992651
6442194756
5085555850
6761931284
1441343615
3990402725
4883037399
7740318767
1169815028
2780147961
1104539371
6643893639
5176760171
3056610285
6929085715
6316762821
6944233139
8644266629
5127878742
4309859344
8353885250
5154362190
7311510907
7811258268
7331742778
8570987986
1346326188
3940988260
2081305326
3294027995
7076519896
3147128744
5329061338
1718000641
9267948735
1774917982
8225589254
8518804589
7183699396
6236558235
9284287351
1373938584
6094133805
6686732809
9390252923
7088461997
6598888518
6136314892
1397338972
9174412054
3304052924
4613436686
7590674490
3818845053
6028777105
9525693748
9997290166
1949372590
7527223918
5880252297
8712742209
1657678525
3116401267
2429996076
5470939760
9725846741
7519614117
3085033027
2220723653
2248843442
7951700651
7247748197
8694696716
7935748089
2182128649
5944627806
2670443149
2033728198
3679768088
6153451493
3776244282
7720545212
3066549868
8399780771
8979686488
4019369571
9584695568
4595720439
5743293377
7002160979
6982802176
4064288384
3908347267
5994643697
8905595105
5219938253
6707661248
4179240103
1248086290
4213716123
2711858664
8057283710
1378046708
1086937902
7896968212
1121173509
5207981197
1459347326
5756591065
4239241098
7377515661
7449414427
4516932336
8801223503
4676313131
2204084142
9601092518
1018601841
9238923636
2354759934
6832290898
6784294938
6250416835
6697208630
5810513266
2439165351
5156279840
2085636898
7243086814
4255499789
2138042889
1737899354
5350407722
4882934071
4629619628
3284723947
2147950090
3183362928
6534853137
6150250262
7736742015
4105444878
9916180143
6757040235
4717414754
6801721464
4557455665
5275235552
8459689163
3135237366
5636800142
9984240631
6437822995
4631245323
3960703480
8147586083
1797286017
3062870222
1617902200
6818925573
8350526712
9905274252
6916999603
9529981275
3335389697
3313023525
4268567219
8827374937
9903104358
2922817669
1125150573
8584476808
4968265902
6263715992
2367186107
9168962768
5924494513
5854860986
8486655132
4124862206
2081735214
2308167445
1769248482
6100262331
6146459682
9580501809
8171482118
1284301551
6763037212
6474823389
1647759807
7482701926
2930864513
2984564615
7237216176
9627148140
9503306425
6709054805
2736010201
1911519848
5345323971
1592272742
2537771758
2001732536
6977676950
7331505231
2828801024
3417085111
8553717917
1559051520
7835042944
3138979734
1925004963
4932586050
4711839293
3147429524
7192665018
8461398724
6011038757
9867002773
4935967295
3235879504
1257134734
4802210101
3845767311
4416120811
8889927487
6366001957
4996604408
6988493032
6488514615
6491355212
1216891785
5248461506
3117241651
4127443358
8268047057
2006374080
5741913107
5655265618
9787666220
6937089861
7585668022
9970658961
9491888126
5437719369
8352518139
9356848407
4231573122
1769001930
4624013601
6205552391
4827676402
3150138628
8227582374
8155420975
4541068853
5103592952
3834955971
5112813141
4442343468
2591007815
8040203558
6364205103
7489425058
6639823639
1899353679
5562776347
1426408933
7081565049
4490548521
2815531354
4913991866
3146865882
7312143366
6600908877
9474877989
8547399680
3687413168
4149387771
5549851054
2966392328
6430058579
6141384155
1670847808
8873361782
5139511464
7645007469
9301222899
6262872335
4214264705
1000277075
8891369207
3372444491
6940869660
7641209918
4764905743
9556316451
6765724731
9609013902
1258237531
6767821162
3959421547
4868182480
6305814660
6904603449
2361414841
4108255636
9826217145
5332290675
4253274846
5213173154
1647630394
9176690815
3505738817
1337182981
5579697562
2760568141
9764278254
7709143828
7363766455
5307039546
4463283175
7853109313
4303799891
7410335564
6466026018
2014143658
1991889785
5183901835
5862731041
8690917314
8947165794
4476057775
7955443331
3463294474
5584413613
1659389428
1655333966
5310140958
8748688612
8783206955
5827278127
7273316092
2454900200
8685057820
7849144658
2568883073
8876094742
7741864646
2034434581
7782377884
7902025924
9896951842
6969244517
8847450893
5091105205
6441032699
7835057531
9223458027
8857930060
4212289959
6885518753
1623822421
1487738248
7774197483
5595140723
4666053661
4478040849
5773934280
5590943761
7410569449
3957203703
1920696896
8384726585
4348865660
2039738887
5168341929
4335184992
8079570538
2486873702
8539405386
1422814307
5043039900
5847949809
9587385699
1520672865
8549003585
9041468603
3530819891
9115279148
9326929728
4753712112
8749471825
2925222794
1323041588
2380907168
4900138886
6691650368
8088307009
6506001680
1809349514
9077428186
7909317373
6578014147
3316670473
9092795303
5370144217
1566418894
8567514686
1719002968
8053827932
2816203408
1715969528
9439618717
4364465114
6309074622
1605556804
6916431191
5722215599
2317944907
5750483668
4384191963
9704472592
1012336866
7027243427
4789430428
1468193116
4808230318
4515216802
2614844094
3010571035
2793476140
9410168822
8444901000
6242605865
2816815603
3054673401
1062261947
5702084613
7606489149
9337273811
1982801930
1345384626
8923511229
9576377479
8583729937
3653400694
2566085113
1526230249
2874715513
6316928528
3442832302
3834443836
7259117860
1805648694
1666473340
6634579458
8680817377
4980536201
2423779183
5818764221
7088028014
8639526637
6736499319
9354139040
6396741141
6922762358
9729158720
2285449761
7318871041
6836220848
4937889465
9578452801
2902644072
7190590750
7649748371
9735669354
7310153478
1654363241
8127633356
7772837060
6579654999
5413960910
1018422748
2440675511
1021767765
1799748637
9969543288
5796474301
7752887057
1541664806
6164650954
4398601330
5666060791
5140818739
6434583255
4295351766
7322433231
4268949362
9053081571
8287210205
8659152503
6792060513
8913373790
1941337938
9760373820
2262041350
9105671798
2935338449
8208727848
6204166215
7610028340
2044186910
2350979736
6312938661
1517777090
2813794792
6241450944
9649175808
9423808573
2603975126
2822732231
4167127667
8513640352
2830341315
5452715790
6581258767
1434398375
7473542202
1840309674
3633036713
7951213580
9127304744
6180113207
8472929391
4101302098
1775068051
8315395824
2125429298
5177633830
8745138091
2084391314
9454725540
2969580514
2853925791
2458644554
4077252691
4515180308
1078649600
9704175658
6988115731
6225567573
3615056288
9015263776
2881564374
8092408072
4596466500
6279168804
8040773105
6289276500
3723322777
1556962256
4592206788
5874224327
5429791058
5460489396
2820249870
3034403724
9804092180
1288724478
4579202972
2540569412
3113565887
2016448056
5994397609
2638233583
5312889664
9956855103
3478228926
4303436744
7178991430
8223657031
2101429191
8676623629
7093122776
5416610464
6453842088
4469659867
4100782427
8062869444
5494009928
5666655104
8793207777
1391500616
4363845571
8253736059
2376605665
1260040302
5780915124
4947628126
7624812909
4768567757
4457113130
3703013954
5394068565
2043284903
3884603822
8931009474
6949654803
2821163805
5366952260
3663465570
2376700413
9122462354
5204199928
3263979153
7827521810
7976281261
6821766238
7492485707
5402401651
9374701418
4159903393
6572835231
5402955436
1543021724
7101055128
1910236668
2830918345
6482997388
1827514352
4745198469
2980934809
5726222727
1470841011
4094433658
7720551039
1498719014
5637141540
3119213933
6333803265
1746941851
8593387395
5724423396
8281848482
4407872730
9090877348
6592246679
5104578963
8454463415
1453768236
3177722493
8255655093
1468712718
5897816115
7938145036
2487208915
1505547295
5358854099
2066420158
8870838294
3105886128
2611891141
6521898363
1221563817
3162093876
4715549980
6417246092
4096847899
5852703860
9463010902
2855977207
3628723405
3410564500
7491358188
2729174804
2397080423
8862172319
4116799925
1625062130
6477692956
5175767009
5341085854
9310584786
6690251363
3641054416
3601648000
2614575502
6846980677
8798034659
4468452128
9761247885
4044950779
7278808612
1057210542
3523368118
4090343207
8078741673
7062162135
2882298479
1093789940
5130112597
3931560074
5910393901
8023453240
9238358055
3744104790
9373602805
5954716505
3423811928
1422370069
5712639219
6932854090
1219969784
4959304958
8466754379
9587620401
6541731397
7388137750
6572969611
4509390762
3966832055
6854467607
1434577586
8807034133
2401406355
2352092137
6298706746
4139382948
8995058365
9752653631
5291887028
2560041433
8867234880
8381195599
5826945609
2527807815
6832937490
1167067400
2505470134
2325488579
3693916876
8162160284
7419348669
2917072183
9626938387
9662485746
2647423756
5299175642
1916493716
9410501503
2865368217
5434635023
1932206876
1686426877
1064383287
6839086158
7466008080
3059089240
6383656258
4323974126
2964381803
2080817151
7148816768
3185941277
5653355071
5712427207
9207686120
6454796346
8405890522
1107432738
4515954536
6891966771
2620156212
1896718636
8568195007
1407396653
9015448741
1995504024
9695684231
8186822126
4925757915
1510867620
6981053835
8188702380
4316867707
3235765856
2150061954
9565549159
3281526998
9679874472
2539329872
5799629229
9885301314
1203117313
7717517153
1603167345
2007643448
5929718500
5804401556
1599041592
7974828048
5003464810
8877573663
4199916806
3284183808
3689990033
1014448762
8926638271
5863726754
1182015320
2801059982
3917504811
2723782873
6493686761
7951745454
3207552353
4389482707
8276455538
9680742907
6098448121
6772235475
1240047199
4641434619
9293975675
3070844287
5642339536
1924103069
7622067451
5903822345
6456618086
5812461021
3564094787
6884799984
6220996080
2352478533
3164865568
7195045227
8624603483
3647321740
8479635922
9290717160
5743491939
7297811302
3943231485
9799351934
5641896342
6954960513
3853775423
4980176602
3124867660
5301314008
3114950658
3717753297
2668010909
4708358873
5149661160
8661498452
5712994288
1989783395
7953773768
7798963108
6066060626
2379524113
2141884202
6515703218
9333342933
9195825787
5838191771
2949029462
5009394498
6080950418
7441471959
3877831499
9794341183
3894181840
9092758766
9482597345
9645886427
7513798112
6248188085
9731515474
3402655979
3306313699
1273208263
3573251580
1976320923
2280793773
3792372074
2910807619
4127986927
7710704523
3143319178
2929231167
9364552050
6772183243
5472603959
4892378244
4201516136
7957651691
6068802455
2674477962
6246759092
8014165318
5079553010
8014954582
7684305492
9671855448
4065879491
5740846906
3953161397
9756255452
6791780793
6762811382
5868822238
8776273948
3619623129
8799717198
1003571486
1066024074
3638355584
5294132982
4226797870
5511120075
2356205934
9519734920
7962082352
4526549178
9659765101
7682820481
6663180208
1955502820
3591421722
9871278493
4202904369
3771293464
1221597174
8871780541
8886018455
9682489240
3777877468
5396616834
8884808622
6502576159
4689153765
8236663117
8513048592
3495166030
2233226482
2636388349
2232565852
1669953541
7929978755
3494632050
1495041372
9187676722
9098683555
7149685301
5043653201
4296326561
1892102155
1676991243
7727207920
8919142598
5561507802
6500600527
7781022508
9080165085
8374251600
8893358289
6875172724
4660396758
2121576644
9920462481
7054094541
7580554507
5774155664
4205949162
7083275878
4992990340
3241548216
2500132087
1492300925
9255772686
7355312051
5354929176
2696107999
7426293997
3610605304
7684593486
6381330894
5956594013
7819984075
9982027276
8740996228
8208171174
9713915204
9333236865
6112446715
9374628892
6254654223
3807019441
7095258590
4187905235
9330189681
3313806117
2145916852
5926330554
9600653168
8677023964
6921611751
1645289517
9950289950
9980090500
6988830991
9392897285
1859282750
8397412619
4202503413
3812890687
8324530436
7257335852
2690142478
1966036522
9452306152
3442605462
6393097430
3589411082
8976381730
1406854680
9766337308
7223428901
3428443232
9612227986
1833602439
1545458374
4721741839
5049053919
5653415967
6989005414
4180478711
9520780560
3936671779
1835178802
2214567893
2389464973
6182126305
4415033427
5749787616
5569055124
8426405924
6536572580
4281873429
6796071305
3530107455
4412200145
3546265645
8760281069
6046497919
1569491486
6838799951
1792741457
6899661694
6293148695
7331746362
1734250038
4673420025
7737017862
6462517152
3421210990
6728898757
8029037203
5850530740
2272191188
2060674243
4215989883
1036958374
3425426637
1009505547
7774181682
2485905067
3212280901
8622226621
2063319417
6975509243
4472117997
6773772995
3964882932
4640157238
1757642721
1043502258
7015306764
9156052448
3239641992
3139644796
1992390233
4681932954
6238391396
8938591624
3753139654
1882374658
6856331839
3602195328
9887610634
4242812670
3893095948
9557338791
5015790454
2000266624
4596858796
3088454594
2148873306
8646964484
1528691157
7931698412
8149316428
7897738174
7719886684
4204032781
2546545251
7357917863
6826644903
7978245134
5514727289
8709345780
1928793826
8725380936
2932832834
5544998399
9359469219
2360441424
1239848624
9472225776
6879164421
8229435492
4316584770
1315052216
9475020870
2787385264
3283953769
2481733055
4060492476
5875158390
6107468072
2593280338
2360242990
7212720355
1297943855
4194808967
2359090855
5949755093
6614873287
2180326228
9983150997
6166138172
7111278540
1303815244
9402894278
1718378738
8194592682
8946010541
5021646159
4710988579
9061804903
4679012983
2721466819
2539156504
5961544614
6992391419
4316283922
2640924840
1673580427
7721194643
5978647820
9158693711
9219681381
8971016227
1496395517
6863049431
4826818874
3521537024
9156915112
7611802268
4059666014
2235836225
5713929032
4449757510
5464199454
9610761987
2530506136
3581596207
8980800878
8848672902
2650584428
6924046423
1633469772
9065695580
9887009533
1970311930
5349937125
3454347345
9894845990
8443054898
5353922591
9693481902
7386099623
9123261192
4726620605
1542942023
3454638192
4896047559
6879401476
5503696982
4574291416
3079546877
4064783565
4036319147
8092452266
8366525993
6620741066
2746681294
6177185384
3856000264
5929754817
8247930796
8332973639
7246626195
9726915409
4980771783
7989989510
7921209058
3198495447
1474331922
2447027080
8649849246
6832179691
4680311619
1272819312
5874186060
5688353895
8313126156
4934424695
9995415806
1007124736
9296468353
1521366025
3854255750
3338166120
9352658366
7715318129
8340045787
9510042527
3039858459
7282675473
2915379663
4571519444
8753697854
2054125705
3085159417
8870726791
1628589038
3632197723
9806841484
1797577493
7487759428
9457302827
2791329738
8339486965
7380092171
9435944604
3977212967
7909710806
7774571321
3582502227
6891884687
9798209230
6767513980
3236327686
5945931145
4671991059
9983553532
7234359650
9268633350
2911870348
6326124710
8376594092
1423910740
4791506513
1701516417
9009240487
8653917503
1614467704
1040446049
6413610174
1070551958
8687680585
2457273842
5405126082
9419152210
8851344586
9774780105
7320726874
7051596926
3453065504
9777897713
4547352455
2939979372
7278952577
1827139364
7176379872
7312297428
9582721936
4012645277
4470141407
9309007532
4168319015
6468237993
2337639664
1240837074
7905150534
5485495594
8444157972
1039628379
6351325884
5644944193
2050361411
7434653369
7981552339
5731487485
9073807735
5142768262
4287829665
9216946932
4461652332
3272155156
2020346657
3599008343
5382378645
1199119202
9895348682
4919473662
9208733935
9608412559
8808966384
1784627382
2292290453
3441960396
4751561258
7032470761
6004846669
2558825003
5874707989
3598305660
4961846470
3991525269
1868895855
6061986026
5183353517
4717067907
3505733345
1966578481
7588320086
6369417711
2752330007
3531019181
4836877564
7574007052
1029662707
6697425630
3587466499
6191498425
5553125561
1544592077
1370138211
9136547731
6592012372
4735326847
5690643469
1740726843
3291606494
3824987554
6909067556
3371366168
7614488361
7657329819
7336462703
1275867890
3161075953
1231741998
4704124109
8783414000
3181115234
1477124112
6842341476
7308639117
8448070347
8237418821
3690139868
8505170129
6859874183
3808424234
6338311878
1862005939
5772954585
5757470200
4737449583
7010418486
5573475121
3204526766
7659338422
1528230701
2061246276
2056032183
9870171306
1808248584
7250576651
2778469355
2783416705
5396560898
6282021393
6276760836
5840653297
1129597802
1273207051
6424468436
7409897214
1711302464
8530457360
2486291343
9309889434
4820537775
7645923572
1156911749
8581078235
3244035833
6039229552
8495773575
3224025324
2487118717
4031064311
8358212863
6254425510
2865747561
9507973382
5713324851
5223928293
5648206953
9980829146
1169747228
6386600228
2928202684
1461468323
3853279559
3330287517
7114694612
4576279386
3548912870
6468492920
7346127319
5772071120
9893740981
1220577223
2934118182
2525722079
2486634977
1976775677
9086065901
3996410625
1549008747
8778934933
7393004504
3871240074
3673877417
1902841553
6148317672
1905209941
1544822596
7372668566
8437176370
4968051366
2747260318
4122385878
9855187573
3735171093
7754329227
4903005642
7466168503
2826408027
6086064622
6771430287
5385367416
5062973420
8765328609
6215786257
4986843458
8709962145
9507475725
7402924936
1808663454
7370345893
3585299114
8959257683
8267158077
5365754089
7279099825
7875031717
9364746217
4712622891
4286275174
3301867372
6097949864
9388458676
5180023989
1474869383
4107794851
2076901195
6014927612
6229472850
2705196467
9997646515
5764532510
9896253106
5955898848
7578810645
4056559590
8987763955
6392708065
6623955153
2283317268
3783024969
2018168230
5184413478
4910389410
5879474405
8415866014
2989014961
4335033825
9861916477
6036542180
9967861683
2789970041
4587590165
2872535442
1560422841
2084927890
8863435497
3361703168
9015856878
4709526266
5853210550
8621202219
9895813149
8355539839
4094514286
4587561833
8014679131
6739339693
7950411564
2843193480
1680212968
4748942720
4754283230
8829396235
5759738585
9861486771
2968862111
9866494338
3770009400
4432417088
8388526602
8244303214
7029005550
5425104597
6166468358
3180566801
9743447913
8378068231
9056391279
9215777363
7899636541
7867468776
8792226503
4791543447
9188469996
1087715887
9899869388
4483637352
8673951061
6776831777
2116900474
2244888827
1036021847
2493936916
2822225541
2259755780
4666860637
7396612716
5278069240
1840515954
2802040468
2263519584
8009035829
6304032146
3455797039
7900789664
9343316991
9399840740
1864363539
7891877310
8355236468
5537103381
6564801066
9442770111
4829732399
4398280122
1328995033
1850489355
4248340080
3795857346
6418612534
6853118886
7374647448
9459862838
5694734372
9556234060
3710820107
8766271853
7483042456
8922986946
2838365063
4710337257
9217497108
1378770431
2815315001
2856506101
9444513112
8105596674
3028701718
6320806423
9271225176
4355511784
6770689291
9184977393
2952153933
7842854101
9193011404
5679725878
9646383562
8538534042
3375739666
3058526559
3281151050
1668038861
8596317048
4964796848
7492940427
2080260959
3352145714
3735146571
4059189548
6862025246
8510722360
1082243080
7335570348
1238255052
6264637706
5717471805
5113199685
8009954321
8358366270
4169468539
6996106994
7607073760
4074178894
9000454457
6809850998
1984554035
1289375487
5474585808
2672394565
9270200639
3271081361
8210573170
5626179992
9263698936
2455264084
7974185248
5888471262
6489605780
9109168372
8225443951
8589198807
8559973034
5305219393
5331924653
3523081448
7987814620
6211338528
9436049740
3653816246
4077013501
8265249850
2141524176
7467452948
1806152727
7578679402
2613984886
1623873860
6684925587
5711459883
9617519680
9166155314
3959926173
8149140579
2353070248
1877749331
5143975719
3358521868
8240158665
7280876764
2782650363
2385787314
6743275278
4302108340
5025422388
4977369783
6112741807
9022113679
1316685842
1741661913
2566936369
5868630183
1484387526
8882667302
2961588941
3700078752
2907025166
2261432055
4750081064
6759858849
6324526149
1550939269
1650415806
1041442714
2029157029
3718776942
8958033345
6430941488
6616733662
2501943880
7705863178
3735322535
9470582593
4224470062
3304550046
3419814443
9907850820
3286659821
4976263933
5121688282
5104882094
4400600959
4188223513
2303696540
5846462575
9134055421
6012451235
9624411565
2099307879
8736773178
3136517731
9593253641
4246277352
9157472771
2472675092
9201792600
5159735115
4696056775
9187196205
1640538716
6165735062
3807704368
5774579597
2741438632
8425180352
2174344246
8093932670
4492205672
6911516694
1987671999
2453785048
5277496392
1441360782
1076597298
4734815708
8414678465
2174845665
3981048689
4732769695
7049229186
9737811833
5284377035
2090553144
4149058767
4312543117
8375153803
1730334306
2332730438
3696239854
1619007587
9100219075
7119144200
2260575839
8432958704
5470745506
3285835332
4827018133
5621959809
4879196511
9442232208
5770724320
7790602011
1975534596
7694033445
5417140014
9880967973
3002775295
5904834111
4533538825
7673468370
5241981271
9324447990
7367102401
3594307909
4532291043
8329695568
2830721569
8880613771
9392251199
5664883748
1720700293
7428878095
5188275456
2090268057
4131567451
2988442612
6768163124
2769082698
5632360082
5288548649
7206496445
7523497708
4042976695
8925396518
1406057789
2868431978
6730101058
9717225068
9986797083
2774918876
5717773737
5366999276
3651511578
1876970485
7103448256
1867274852
3569563172
7331532513
1106617558
1125374106
8318631351
5157023687
8629942740
3856892077
7146722520
5414509457
2739279217
5400608398
7221092421
8275186889
1341387217
9819744676
4737306166
3000373887
2814160260
2470168801
7718186741
1444815509
4339790491
5463009415
6457137910
4340211039
7757622780
5787153347
4589770463
4767972789
4040881273
6608676871
8060733969
4176450227
5323962372
3126929324
7093482260
6159708000
9649843619
7375807775
9024557468
9002014452
1497130730
7684045412
1409684128
2332958830
6707203633
7585468245
5097558864
8222917038
1819790590
6568303469
2854824413
8365230743
8124585704
2867905665
6389814774
1453769458
8906488594
5251151462
1007391870
7514897352
9119208773
4975521534
8376818096
7404785789
5353854541
5456497146
4401173790
7665446804
4842327764
4848282709
4063805863
2415722332
9105071315
3005449163
3232484345
7702987749
6530709565
7268691855
7305286864
7188972006
8857183963
2178412003
8007775134
2690675250
5675123238
5444554811
4756892376
2130462166
4338357106
7468373026
5734069291
5307699449
6009479326
6884639764
8729889155
9227244123
3179025373
2609048794
1860969371
6847157839
6731771991
3925359451
4000696950
6994129995
2424174089
3852634801
4694818140
8897046718
4185541080
2959214927
4002530626
5427629821
7152923622
4414001114
1983268855
7073123238
8440504917
9430773357
4031149496
4087204392
6520498748
5703153688
6781357586
1859947405
2322452084
5211154241
3535298833
2503931976
7131391840
6552010489
7359949537
9691017769
5148039748
5245332314
1339308449
5681543483
4469388270
2385169740
4183736098
2288808680
7392322877
8503380460
3849048366
8100724215
5779035708
8170309441
9774393937
8272313284
6360196450
6298471137
2364163740
1157587349
1732016011
5536715704
8251325752
1311813119
6588818390
9018315705
8359849601
3164995690
1814213539
6107401649
1838503462
6806764491
6844620059
8808485027
7665508222
1568000842
5214163435
9351443259
2406484987
8332850112
5550319841
2177696571
9704137653
7368491366
2525306119
5320133253
9012952461
4191165727
4329948808
2032071157
6629478541
7104333459
1858931112
8113453420
6658006229
2598892830
3541316747
8930699382
4317627955
7127909630
9328838457
7711078521
8480625294
7886684294
1780702786
6813293370
8107111706
8281525052
3425543968
8288607792
9950139385
6681009035
4946798809
9664005771
9027949938
6717478321
2539278800
5813440332
3599058687
7162645317
5243078448
4933670040
7666363745
2645223317
4938910812
3840083828
9991349187
6228494864
2255022266
9805686435
5802594975
3133826005
4719905089
7399176091
2499325617
7991033778
7049759891
8646091832
6538654043
5861374748
7402702214
3046750994
5629984273
1383314009
5651439479
3341539383
4447727415
4654172236
7873784318
1628567061
7769089072
1938791621
7314456954
6330116582
1970166085
9443161779
2009521213
7278724698
4807846484
7271181132
7387612233
8235759948
9325407813
1330217140
5668711766
9546602919
2072648384
7541798292
6492483107
3007898722
7199465091
9630078230
2514553634
2209530479
8778509434
5493367582
4466036039
3305302862
3338825357
1198902934
5377535305
7555141954
9977287057
8298254555
3677535870
4975667865
9323645270
3792428609
3137244584
9262584902
7946787773
6116376346
2355095887
9609763413
8371643807
6191365020
8904320346
3674158126
4110009849
8708834973
2882258062
5748446430
1026941877
7869444669
4948708004
2163213315
7472861350
9613407921
7170852603
6823328891
3170684669
5304112894
1459991188
7981324562
6621870486
3835786577
8560465810
6333142721
8596777362
3033646691
7071414530
9374889912
5352860961
1169316210
8948096539
6442926292
7691314248
2281481399
8847533991
4404100559
3812515254
4069740868
2993057682
3949166061
1113272782
4994835965
7562814141
5913783279
8099854877
3370723712
3156470967
1777084844
8531270314
5831163554
2986854276
3715862442
2065614902
3340901121
8769899794
1309147594
2915289371
8891501935
3443503913
6524431546
6376335634
7063261022
7053258850
2795194138
9538901744
4886115741
2940473959
6146044739
2354740626
9435827669
8787842261
9236919959
7083273345
9241205658
5132101038
3690003520
6961199468
3561814910
9296226576
2114217318
9654016895
4536923983
9693994481
4245500587
1471419773
2472535943
7561746588
9636610264
1760437778
5898640470
8630850172
8800985680
4920974835
6898644568
2766133523
6158522218
7885126107
8774095387
1431637132
1731356373
1817852927
7179563915
1229847555
7291898095
1544130333
1907516418
6893318538
9683312399
2176093328
7957404986
4485518396
9732275661
7664968940
9926634618
1933690153
1759755511
5492903234
2881844594
6654771357
8181861147
2993634124
9875723290
1275430060
8495203475
2710719744
2472292090
9037066454
5082369434
7567811828
2171925161
4654286752
4136777103
3500119576
9274400575
8053648421
9059780911
2230391855
4095104178
5339115690
7859782560
3491850382
2086645552
4294246808
9486772302
6854284214
7845427047
6567282837
9031315942
7431064261
6310183736
3832678400
9832455660
1692338126
7370021026
4039822447
4724727270
1671009834
2776670926
6272198422
9204910273
1991685774
7691623357
6197556013
5995629700
1541158885
6475457338
5866317893
5009571905
9852354497
4346484650
1784643087
3178244880
5299421402
3717600264
4126038544
1906823497
1715409585
6354357884
7917648459
5069564699
5784295446
2699015451
8559152434
8689999712
9733344345
2816940176
5057632924
3973656453
9354787983
9488766349
5422782230
7656794310
4539739492
5876406194
3874166242
2132843229
3341763666
6795523553
1991436076
9360193478
4963976747
3729019221
9312971818
4511733160
3262629018
9620147726
2308904376
9624697999
1129107618
1755845501
9949007999
3820825818
8541806397
4486604375
4053090287
5904312314
7204779390
4386592099
1314405959
6473463514
5341752593
8918271467
3752048337
6237310981
3395912539
6040439023
4283700576
3930778408
9140362658
7710670285
8444796697
1123310236
7374731559
4436482276
5747447085
8171162678
7802103828
9429281885
2068688466
4165201798
5427847041
7076302452
2594366714
9363209142
2377528414
4992827051
8042004047
2772641533
3675046587
6202140900
5831764130
6427146153
2654787265
7184201333
1288087264
2218384705
9684589547
8486994009
8187237463
7363405006
1319274443
4523831793
9855174214
7817984336
8518302618
5906791164
8093156142
4671111120
8122645020
1682246524
9869048165
8654536581
8182001696
5227158749
7940763965
3763894532
3902566254
3995107225
4845213979
6090269119
4560457236
4742994666
4195293696
6093051276
9606520349
5969361041
4888395211
8426995475
8843376903
7687608485
7317288298
5330821493
3350141727
1393137665
3935112390
3669424562
9148805351
4354586567
7420496340
4857574228
1208963877
6685475394
2562710823
8490928596
3723213287
9350530320
4279400492
6405937730
2442578809
2991718636
9169452489
4290478592
4718111575
8228572981
2649498491
3322283768
3409703176
8291068677
3752152431
8963410409
3392427934
9854370592
6677595356
8724254697
6554594158
5332113768
3791183976
9297630737
4084519285
8551205275
3811964884
8423631823
5633474760
4612055123
2796248256
7941670389
3830600872
6766434840
8661002050
7166107063
2732044431
2450304304
9918852007
4118852282
5878146669
4202828004
6626993960
1263136418
3298479768
6021240337
7955821806
8574872366
5219351601
9808682533
2518827319
3326134616
8771632685
6882950116
5504578848
7233252653
9038718690
7950193325
7669739681
7531385775
1113778271
2028825412
9400650526
3926645960
7490947492
6211021537
1579288141
5422022832
7483515042
8348642702
7737443518
4052703425
5066119126
9649246211
7430136310
1535382372
4942880479
1770746141
9700760084
4690272978
9655871932
3278474238
1877975558
9775937538
3442278802
1810011454
8387218774
9894369727
3824081435
9766083141
6698983192
6086889474
9418913129
5029159976
6597201320
5791919331
9549056435
3872041356
6273935360
8130124659
6271584069
6421419913
9293712594
6267778865
9504400020
9381381522
1704404409
1091456589
2002130595
4479827803
8061309897
3351906001
8800062879
6905628664
4375746027
7083420207
1115771896
7632294351
5259106069
7099180779
8699246968
6536783813
6534434468
1040328539
7908475846
3458801939
8292178008
1079699641
5857110420
4196466368
9360440185
9127452581
2245392055
3109212309
7419658914
9634746965
4339657833
7830709657
5952269616
1574711968
9762779886
4659103764
3629999887
9026052005
4256596018
7872158081
5609667026
3942519975
1949093993
6752505949
2026769062
1674026720
7904685430
9416177811
5824287506
2770650130
8742962506
5738506795
3389419905
4287837871
9685497132
9611101583
9662032996
2982947728
4456750886
2132200088
1858897492
9657641557
8891853586
8848358152
1827747698
5019490728
1201603799
5023205837
8658050687
6400511937
6666946991
9311421134
8394440253
8915431598
9603962597
2740430293
4046741706
6938475593
8880078750
2830063941
8045564578
6092269761
2668803332
9839571421
6773534946
4477158014
8514111317
4711692807
2386577366
5457368314
5275617235
7899960493
1167542554
1307761749
2747336184
5765383341
9040248908
8638492511
5527457957
8554729474
2343939779
6494133942
8233584247
6657657657
3951075811
9711990066
8266591709
8683081422
3219977916
4868406417
6882302556
8150335063
6873643453
5109199535
8077660698
1455690065
5064023836
9805809395
5636989153
4560965795
8164135204
4059382552
2453840052
7788210897
7126299537
6680166700
4195413352
7789925792
4885551829
3433272295
9535320377
6399439444
4209803019
1631482084
9101338773
9608100863
9857111331
2490710537
4810390781
5210884309
1787205030
9429101773
2201366942
6854176703
2328072384
3225341821
5922042781
6821708415
4252466568
7267977469
4022367125
6263738448
5223795148
4262970242
9657916059
7880995545
8010013872
2051489736
8518839612
4067585369
7080935427
7888195994
4919364519
2797694827
3941790806
4548220926
7618558604
4163259999
9625320504
3981772790
1165535504
3262845735
6305623787
8244395014
5811146503
4086775398
8052883442
2895446155
4510398564
8727125130
6677855771
3354362576
4774849481
9930420668
4068402742
5672378105
3169973530
5059634458
6854313058
3209239571
6434411995
2675252823
3434383980
4367061640
1484992575
2480460361
5372857874
8497027891
3166100642
8293550925
2037306598
8130232732
9150373867
3643919737
2884536191
4496228938
7583694057
5955036302
3694409047
9342273684
3969595759
5015572581
4781637912
8982904916
7119986418
4974508670
1182536952
5838915924
8687424639
4846907873
5122392940
7358465402
7734630141
2363086493
6746311328
5780378232
6552156500
4791999891
8182440415
3937131108
8017619508
7599873585
7669697595
2392744065
8252549607
8157542498
7785107225
3557405396
3493445270
3969382589
2934361811
8292301995
5641109954
6229356482
8987838607
1551276767
1604111583
5582691294
4096457194
2913038629
2177446094
2121488493
6046872446
8519793796
5838790847
7395593624
3358758112
2130571391
6798427234
3655847117
3363116619
8245053612
9367804595
4033802639
8646572000
7076792152
3137165214
4684610318
1779746728
1126088024
6903398884
6356890721
3175515039
7439181362
9831135533
9237434245
9955032845
3208100244
8976388791
7203975641
5906516715
4967122157
6703698366
1184520104
4775752504
6835437533
9394192591
8402029631
1499959342
9451080195
7432346909
3221407724
1284219888
3632448731
9267875528
3827550543
7938207960
6372910168
5188822087
9883767446
7829407835
3980868508
6580686089
3246390397
8216176526
3098860408
1440432950
7889355627
3531760477
8117549025
3746749232
4803453190
3859570350
3041481281
9732703109
7011447002
2828595064
6522800197
7779880396
4063734387
9755626513
3037092733
8367160572
8413623855
8189773591
9244183655
6749641812
4501800207
5001883114
6709586254
8569225879
4861261523
5940560263
3147940253
1769481614
1106911385
1581488678
9371751925
2577523899
3049520769
8697205956
7833016127
4746013118
1495454271
9573747703
1628750404
1242207148
3693993669
2724250610
7074854647
7447604290
3340410729
5187809966
8675750756
9633111852
3810824478
5246086146
9355998226
6724199308
9613552049
2828646578
2647754931
4240050152
9053356710
6712725094
1815297752
4394659119
8297425452
5752223431
8625666736
3102992451
2108441059
6316558717
6983606504
4469207990
6986383963
2292370548
2964981213
9085106896
9069954895
7087205981
1488195246
4749890713
3468165519
7473516917
5358077219
1490951286
9337748791
4462041074
9084773837
2379739126
4315998182
4023940227
1002324097
9953979104
1961128899
3155506396
9263243471
2391805105
9056578847
1752351865
6067739901
4950995472
3832181417
6289128339
6857896903
6060229619
9894562786
6530977878
4598217685
3482255831
3707424916
1516245831
7693885203
5449921039
3929560744
2101212030
9963694974
9872421940
4879769484
1907263279
6177235147
4526705223
4212756156
5567438482
7022998172
2948069643
5355976439
9109733466
3449934861
3390138551
7082141047
3269623673
1681805082
7650669183
2747916782
3394551453
7750799755
8554823002
4985896291
8757992277
3486159122
4844096078
2134261083
1791753056
8602400772
4428908190
7829736010
4836626985
5992057143
3743390624
1055584303
5148022713
3756562730
7700688938
3391762176
6302576661
9731469150
8158112585
6938678008
2765862748
3450441812
4293316417
3138140461
1661728758
6299556881
8341673780
8945710074
4577200295
9064292562
3396371292
5827088220
5373788757
2959387685
4365399402
9267461130
6365163798
1922042745
1586500906
1366780300
3136790839
2603185929
9262648357
4250978363
2306448961
1242164504
6911690537
2871551663
8090172226
2924802942
7820638095
4256005655
8306282248
9936885817
3537497134
9670474534
8646158913
8954745263
9364357549
2642268488
2953445501
4530640356
4083044760
6177492741
2572667470
4391970744
3079197068
1670997143
7200771594
1747276198
5030405474
1889937884
1554584620
5573248421
1478440382
5199475824
9392522415
9804704459
1099314308
4558763983
1609373988
3942946192
1125801663
7789510647
5714664626
8602869994
7405160138
4989992471
7729741420
6618717525
8461876505
4583776352
8944611298
7362122543
2683318338
2279039453
3472052181
7128065919
5049886948
3818268409
5943546877
7467903736
1494708335
8731525722
7850211090
5645127376
9747021038
3975110947
1342945373
4443130479
7752724194
9558183524
5468018331
8343949094
3451567819
9168976951
1780343227
7030125619
2328106713
6431486479
7401416533
5497706020
1071639133
5755484636
3787420426
8043321233
3288331338
5320022889
1480594699
9739650887
1411009801
3153486135
4020276638
4690375328
5511709827
7800887267
1587413662
7149074035
2289283796
1989418547
6841524242
2955032521
1748612340
1709232122
4686326455
3186199237
8699925820
8583175166
1178586652
9890599547
7415937795
6433673912
7016867488
4046875818
6773206975
5473397511
1885119035
6711017082
5006436458
4457512210
1168812858
2710868443
2430645523
9619815682
8010762045
3547145145
2411601727
4226925414
2581821352
1042624814
7399727146
1408191437
2425869136
8612074185
2292799731
5364700797
9879221857
8103520182
5627773402
7617609188
4191390076
3242013471
7069311216
9593413721
9080100030
4580043917
6633952991
1701896255
7311999432
7785424341
9596191861
8864148987
5964889429
4410021768
5920947776
6293231562
1950476318
9497927454
8812711922
7330374797
7187363760
6836195333
3766918253
1014991509
9285655110
4617955842
8848815983
1229696932
6726553359
7605468259
3223275510
7255167597
4701781602
5174999013
3291693278
3611571301
1047548635
2929313635
4564007428
9049496238
4341825639
5027376503
1050079002
5165040176
6746192022
7997927750
7619324086
3750637843
5296914366
6396760849
4999428541
3147509224
4168019940
1741028680
4074638872
2555446869
4078930178
1362331161
7503855084
4969424526
1560787774
6245088578
1759876228
7125104340
9399981488
6625709257
9445559126
9503085267
7154923227
4216907449
1495908260
3644523491
4329498815
9024489830
8166012985
3310426130
7598733052
6315335156
8512086607
4412802759
4777644290
8203389188
3347413687
4288019541
5655396824
9507856611
6002620842
3075799920
7446094019
1468429109
9535856469
7539392017
2952514013
4023551083
9921509319
8731595874
1038080390
2505506397
8355010964
6730346910
8560227531
7983580449
9297968461
9288578879
8638803102
2031536753
5399299058
9710564901
4761489107
4284123491
4184381770
1374052797
3347568768
7645460699
7032354189
1301214742
9786888889
8720047567
3755881634
3243723535
1033513619
3639805662
8995110441
4226270087
6832769324
9085360943
6501519855
7848621246
3088026686
9521501495
8409903247
6274605035
6276204266
4108452980
5059928267
2196605015
3069846878
2867943263
5199999303
9072120079
9662354937
4974562750
4567020097
3677996199
5378083712
3500657858
6579953973
3542115431
3091046904
9192929030
7771547008
2353974674
8979314478
8031533974
7445640676
8408036323
5486893499
1482449118
4369534244
5624011156
7882865004
5959641856
4760516775
4115742118
4738252092
4220595851
4313461296
5174495022
2687695476
3582939606
4694372085
6846705629
1277067508
4204182145
6010719757
9046803847
8737500248
1036456202
2602448911
6820346621
2197278530
6309208527
5857487678
9928014274
4127771908
8476187681
8801322490
1284081830
5140652611
9927569409
9700226050
8385662977
8249188481
7221551479
8127153691
5268188739
1049129866
5439474783
2420935932
5136766042
9284817954
8243273555
3376440958
1228532841
3660793093
5970543916
4211692186
4586391810
7431840241
7066159141
3967422809
7067153304
8886770796
3775996892
7025165735
6041860716
2971231470
2701979935
1154511461
7848858213
9975477154
3787963092
5073968238
4422956862
3637140724
6689150847
7047000467
6639545383
4547700822
5627779528
5409616282
8307423398
7299636069
1365256995
3136088794
8707907213
1484408980
5391890607
4933628141
2754836430
6296517418
6397992043
7837096868
4174989735
9291377336
4826583975
9014442366
1667095428
5080201082
8475309102
7706514360
4100392820
7410807819
3103387343
8855006339
5826842618
3878720218
3749450792
2979898954
5280073568
9087473591
2389902772
5973706438
1771173220
8870607571
2063570764
3590775076
9668761555
2626278476
8317002129
9485269075
1348914294
5752525160
6852964974
5309886233
1282508975
2548888997
9096703811
2893169205
4466362254
4669516643
2042056515
7099767102
2717485643
1326197159
1124440768
2771342637
7863006626
6871530368
6579845999
9115870864
7771767070
8794653410
5864569101
2441675029
3271205886
8353439458
4444884052
7182467836
7366655632
7658713752
1796049896
3477636247
2926876482
5747249860
2253615051
7120745946
5958204002
7578661222
5319838642
9799146752
1931786061
8202496806
6493306499
5345346778
6522339093
2732798185
4843320370
3958436056
5536720666
2413371604
6866214690
7946523939
3803924005
5660743302
4575630637
1528836948
2546471677
7892192608
6765848102
4621394647
4204506165
2881296703
4126066709
2145547519
2463759417
2905544294
2267594382
7387148915
6102919852
2781144906
5233995997
4790916363
1371000254
6565718809
5316924726
5018595334
6445195298
6526512124
7628734290
5612010631
4904752815
6648937160
6211346563
9748102570
5610902832
3918351174
7409385595
2361300031
1419002091
7389296263
9130011837
7767841894
1560115712
3418494043
4382484016
6826559756
2669324944
4566996334
4973895490
3217972403
3369199202
8806345585
2119895951
1257224439
2594290544
5676350370
2880746835
2790410782
2628952383
2267763452
1046532501
7004756295
7005211950
7780562385
8699348830
8005977734
2981589774
3252863382
3134676464
7891077799
4777232201
8399734733
6953261808
3725844068
6781383831
8066813387
9231707541
7089360209
1730910477
8689396644
5958492152
2120990011
7059478753
7120416861
9099410816
9944221376
4536542393
8990169581
4932620373
5322618358
2390056394
3231402833
1979164427
6862098368
2257709685
8709181297
6577397003
1955423098
2824378712
1414838132
7531032745
3987026693
2602125559
7751852832
2784765051
7327733822
9568518507
6236452817
4266915280
4559219070
2500203051
1669545369
7381664668
2095670097
2525089045
2897117305
6773867072
6137886027
1612452173
6027079768
6769499305
9527073380
2668209459
9803015486
4106315344
9814314710
4002939437
4531841045
5301630064
7309834221
6267427954
3501543322
9484722202
7972784192
6044966219
8499236259
2429242303
1548386372
4283938616
6306937832
1003446092
7377097169
9095992582
7057598795
2735531893
7305453313
4022665516
2807598959
6808981771
7207277065
4324946511
4907193799
7282627122
2538353250
2308735365
3270600395
9745414512
7855770703
4354274149
6066671567
7817610781
9761553985
9435063748
6290891893
8208773193
2543439187
4605692107
3922513931
2336634567
5534947229
7962284644
6520262795
3966371857
7090414618
9127198081
3651996287
2100334220
9008159021
6811839055
5119634100
4567226668
6849331880
1513127009
5146243486
4570459917
7823917659
4157150794
5553512372
9820346606
9514765786
8401241122
8946951110
4236976442
6038496149
5391380221
2798876685
2551415608
9203817732
5992712237
7474482568
1366373797
8192830673
8849118729
5048877124
7387229366
7823646026
5207357203
5124367881
2674181343
3279483001
3128769063
8980326500
1897591144
3000785121
8936204209
7297257101
5245459356
3293039999
8249971658
3559149406
7510793404
3254626194
1273525319
3084950694
2987408846
3646817764
9625909770
8817421071
3445509299
6907013574
2878544277
6531568757
7935610500
1254608725
5664346295
7007774720
9778998652
7378377984
5430695347
7650799245
9572124504
7550250553
7018809284
7888945338
8211633985
8595375181
6671906399
1081704547
2172318258
1246808790
9288738397
5240786524
9505472868
2614752751
6757876641
8135398692
9375040428
3568580261
4833091565
4440443283
5108376790
6360213176
8738146330
4025526968
4818222698
4296309160
6715512712
7783896542
1725816401
4405281097
2419686021
2834772554
7040466752
2208124507
3499751402
4129871421
2695858147
3058027951
6285190628
8417153759
3413761242
5512889162
7286655868
8486216701
5553847222
1711523501
7003659556
7996526882
6972904057
2979388752
4618485545
4290870736
9169206270
6876197450
4366258073
7867115486
1537486569
3611671126
1573019820
1776137072
2562392566
8468803264
5377028581
4804062508
1864145750
3857127925
1772776179
7065570232
8932819334
4027893760
6522368113
6675201557
3043613088
4922532285
6263649942
1691524518
2908527138
1518797278
2847546408
8185451003
5310719542
1862156959
2393843421
8314863179
8539402301
7477796447
9868660534
6456669577
5539731788
6303311153
6448297659
3926777369
3190510932
5063799083
2577273479
5578007274
1678518230
5078904320
3018517493
8850497707
7726117240
7755235460
6603649030
7227370224
9211515734
3004734643
4903997003
7408681568
1908098440
1800101095
2995671268
6244920542
3778764987
5289203613
1947128366
4592463418
2379429468
1626325940
5465380717
4971145259
5133672703
5822012875
9567545839
4472957574
7735158055
3537280849
4398196476
4633927103
7388626419
2704940895
4504572147
3633097198
5183391727
8432235116
6174488363
4615819005
7031583018
7835377092
2067905904
2982121895
8258320433
8879087889
2802416659
3866661004
3786616962
6946139270
7621922904
3976903144
1168599796
7104864553
4562717294
9814917642
7421524636
7466409863
5495754052
4409081147
3582515006
2947768225
5936888048
4231299665
9186475556
8898874140
5149265224
5738051059
6307091731
8561779182
2316554460
8981565150
2943991774
5362366402
8379384322
1179106277
2318459862
1551101276
2403468908
2938801702
3371602574
3862987621
1961205272
2644233989
7887380346
2393512351
3201300787
7719806157
1794728447
6411961353
3981042040
6369729921
8323510516
1829006062
7995957878
6400137097
6329343720
7106885193
9776583206
1805301336
2714889276
2953461678
3332731160
5941460058
2893018784
3962541849
6353121582
3530542023
1064600763
9755968679
1855229087
6486904257
7314872322
8378984765
5617858376
4688884656
1192505483
3677550718
8283507750
4789348478
6002939583
7335470195
5213563134
4230204172
5200737148
6227788503
3264029032
7153417388
8024093959
2740385099
9813147100
6185264398
9385100787
5197241663
1558982007
8458867598
3356452507
5870788765
6092526056
2793404469
3222772644
8151918190
1875019908
6992624829
5658197179
6053510856
4906186998
1783846579
2142867721
1336129892
8975086052
1984705324
2643146241
2670285888
6125720076
7323440136
6904104417
5335426738
8925646156
5132115142
2453784615
5490194479
7645273759
6787206985
7621451986
2370285049
4932337020
6774933559
3818383351
1356480273
6380129588
1447132036
9612471530
6634588670
8332638952
2161360230
4118049314
9496408306
8290908806
3852245973
7443166048
7897997101
8059696468
3881772351
5557686896
4926328834
8055968361
1007976334
5913695187
5289620549
7061625681
1885938527
7066822853
9929337810
8961885941
6299410067
8806117901
3504817767
8159098889
1515312023
5874221464
9759101452
8859499515
4190985991
1132146207
8899911340
9055719918
6011425505
2204211006
2761011265
4418065665
8408315858
4996467318
2646279051
9578085738
7760268719
2141631333
4988984176
1497608631
8143481393
3302016096
9228957472
2620620777
8994085810
8244642142
9905909383
4846937124
9206749789
9791108271
7947188844
1906846542
4784971315
8480729344
9991157148
4082790265
1270367026
8507158589
9634595949
5488542039
7157026695
7023864673
1655985179
7538006360
8472044676
6484941491
7012688763
6731972217
5446015935
4883969895
5231442645
8124360779
4144045605
3050022949
9888508204
5129811236
6062305319
2286410808
5935373764
2650989571
3477548575
6550009983
7982879678
6812238380
6877667477
6230520091
8315689228
5950384558
4573549563
1909409983
1617446650
4729507887
1190775223
6699997532
2694370010
8367206028
8043019530
5359202349
5944539351
2183782186
7001367901
6783486227
4360646679
1473507505
8449746356
7454134289
6796598865
1952584951
6763822538
4125669124
5252605962
3009167304
4295825905
3785846920
7323457194
8489728956
4386539715
4756213869
8961339690
9003999167
4362152336
4734991726
7879640203
6380796968
5510342517
8147855269
5826848938
9839983245
8581324909
9706174620
9060641655
4389711554
9981555353
8652243260
3307167261
2483864175
6692918067
3274836819
1255342629
5050405364
9815266756
8882990108
1261877400
5128741559
1102524481
4474389865
1230301634
2716636456
2933388770
8096418266
9978905427
3583372283
7414382563
4144831441
4726275344
8573289994
2235853530
8139442009
1446600466
7298459132
7132862378
3802615279
4962725980
8096357021
8527604177
7411455907
2453259577
7516541940
5751106521
3742581162
3591235273
4846009612
5740934037
6123802652
5139720634
6711146571
8718115514
1236354392
2843345449
6182438211
3554345973
8598993425
3657829779
3116898478
3351266517
2252238175
4720836962
4737211036
8324340115
1685681778
7467990747
8136927989
1434498606
5487046494
4706766233
4784616974
3678284970
5724170761
1712607908
8503450970
6988067236
5675112725
2286485872
3518655109
4301214311
8213291097
5920441274
4481928375
9535583477
3512811981
7116353752
9571132710
4905426630
7393585654
3121120639
7542693023
6128228603
7596026236
9737775058
8686073383
7239059984
8905179524
1251666540
3357409357
6867512679
9739342916
5975930910
6111743823
9073170544
7232132676
1143969340
7625420121
7395882744
9802370755
8646805756
8516520914
6516461264
5720605830
4938551523
3249135431
4755046643
4999395327
6563072195
3302560067
1928723010
7702528029
5256612659
4516425122
9678571274
1298415694
4959928161
3394473125
4918966882
6431516570
1100555461
7409293640
3600700650
9201979585
3333501531
3649914283
7160112716
1937208861
4670369475
7719655818
1140786034
9675052842
9393330444
1205395500
4523363466
8075404984
7061170935
1968624322
7928759926
1428643852
2734126171
7590516300
6775754822
2422252541
4624630864
8319573503
5711546472
9542516558
3389352959
4568860918
4713431942
9362831461
5767023056
9638000239
1086269382
5559925567
7901389735
2245601350
9033068646
1611866516
3007640040
7212064639
1238698622
9647664637
6077087628
5131726273
3217908339
6984141877
3032912187
4227842521
8246833614
6531796906
3388899884
2513989542
7725534375
5108904616
9984111700
8082502790
9715019306
6416459923
8879105248
8817968871
6566229607
8898526954
6426508727
2857676503
5853766585
7516347740
7467920428
3885456250
7980929357
4213338749
5500149427
3345558883
2634894609
9268829020
8042361597
9594172801
2489315689
3226191982
9787405252
2008466100
9839354080
9526094700
6635082908
4833444543
8024559770
4178915337
9720213170
5964355589
9472874356
9709722345
9236397016
9291477940
6589405403
7284161243
4351882745
8683029112
6888071367
5956803472
8183811819
8454866726
9588902154
3279260850
1888882531
3026257824
6400906776
6501227972
8524376638
6830120640
7821049347
4132068876
9459943723
8657157999
1697230668
9103797497
7779288466
2058608662
7940368243
5610596188
1857479971
7393405992
8575419867
5584053761
1779178190
3456842765
7802880138
6157741315
4379341726
5948354160
4896292425
4832698059
9857212202
3660853553
4166377997
8607522150
8648781299
3426329889
5192481967
9269586455
1234086588
2125724017
9518819485
8029971609
8723575141
6388813400
9826707994
3025875540
6863303592
4768895170
8387971042
9941855949
7740932883
5949265012
3337065378
9045936640
4252509961
5377428141
3606358411
7388650883
4577147972
7880488020
2430483494
2369128137
9092593339
8148235332
5977873870
9531718953
2608641356
9617339949
3619281126
7931864131
7625236838
4861811112
4114555929
8652181854
4356198706
2648404444
6357297517
1514095132
3021663421
1655179377
1308221675
5094931261
6921060522
3580430995
9404957815
4224605063
1674397700
5603546595
9472715160
2442178043
1388549677
8463224655
5310149131
3118205193
8021091482
6403747043
6660436716
8537660466
8509709348
9890824715
7663029313
3087649115
6021105247
7105261070
3651624699
2703522704
1983071713
1113249893
4298173092
2497838783
3114177967
9966860508
5365812213
2585710756
9726040585
9171251563
9395986961
4374775146
5315880817
3775981998
6237922808
3799991178
1075732414
2708834110
6591021022
8532981548
1792343292
4438781493
7809199469
2629335726
3190784474
5820627455
1821158036
4768722377
2915234343
3873129856
9042110386
4740459618
3147249387
2918129850
7699363077
3961430188
8781838494
4233507545
1528409905
4459983069
2024929243
8816457560
3241913331
2438884549
7114246457
2103518148
7667561836
4465467614
7482985678
6627624038
8750439244
2352247732
1812151094
8230779645
9872670573
9083470772
5772925927
7055793197
8302337586
5152862804
6837247266
6629058027
6549822339
8234733991
9006526430
7868188144
4488235552
8475549590
8479057283
8539470840
9533474771
9608736752
3267382046
9112550086
1540460059
8708382285
2656153235
5508805303
9916884410
9703810231
6099368792
1738373869
1976732262
5825501256
4859249724
2250947136
9499812903
4618010572
6959792700
5067094177
9167809182
8606071661
6585292160
2392104922
7928355518
3152997482
3928520605
9622828744
3825030929
6146432487
2058460833
4485623076
2473533003
2118623992
8656454721
5041847617
1722964359
4629729896
9961709044
4733190842
4530921994
8545211965
5069725694
6923336941
1805522919
4552859484
4352801656
4684302018
4908706185
3492094359
6760443486
5349665990
8251951572
2875908556
7485624330
9513722204
4462888365
3368466758
7102284785
4257181205
4886997637
5163617691
3116861053
8309802746
4489218159
7291863349
3479377339
8786373335
8515422723
6886923375
7729570890
6463461218
4936334153
4857848241
5876397025
8106990996
1739412954
2784608292
8125618549
2172129018
9390586589
9009471715
9149473494
5197869796
3734031956
4183404396
2117913003
6424780106
8894679592
6683695663
5261698818
5613299475
4275834003
7449405800
7785637548
2550432557
2562940112
6872174799
7023585458
1251803413
1556881989
2546203667
7295097751
8020453763
3998478440
1089322154
2139037255
9034625930
1053698338
8793369004
3453543749
8005862064
6593476811
7589245597
1017929845
3829778842
4990380435
6540122442
7723044735
5269198770
3454068345
1337656858
2543592385
1142322398
7167099554
5857846736
2069647617
5662588393
7241753995
9808705385
8609968888
4925716968
5655742996
6265376493
8816966069
5805975923
9358815319
4483271466
1555011778
5752706073
9123185099
9893721672
8657634209
3264324945
8135423599
9146499536
4643812924
6561856234
4885645093
9890924828
9844327222
5748637847
3459843036
5100096590
3647373266
7399038162
5880180498
5372840199
6494332395
9992055609
1024654678
8513631935
1769375432
7254810090
4229750840
9218593416
4069372323
5769204358
5984683454
8678205472
8438731699
4980228006
7975808257
2892908823
2735313674
2375003294
1602272313
7594223226
2462245473
1359846977
4735757867
3518929999
8250265195
7554868952
4914227028
5268432389
1269340079
6632393865
1332050457
7184603912
5915392600
3867830865
5344341480
3136619526
5900098020
7977018684
2191186506
8826558891
9291661214
7390302276
4747538478
5735011901
1480966041
3069585818
4360373399
9127045329
4302186790
4216506580
5739703145
1008709274
4588392890
5635352169
1953434618
6935508217
8057923074
3607881343
6120167749
9888097152
1598144617
5237488959
1654423625
8607991685
4520913548
2627819594
3366361285
8939136433
3976594687
8635988434
6678920792
4384969752
9653889645
1462432327
6196359212
3494826829
5390446902
3098883157
2000641541
9335292135
3956676479
6546830592
4610111003
6782850229
9092458831
6287036206
5743100721
2522182745
5492743076
8771599085
5893627615
1803098669
5907931169
7062721728
6657701862
6587674742
4653163559
8744326266
4467967572
8063650049
4198558278
5530597059
9458775046
6508217625
2302090376
4775461575
2352739579
9408180178
9853221587
6566668849
3567800165
3512786244
8397099699
2784872155
2462835150
8854166673
9679691349
4047480880
4414449837
2905825446
4210139532
8505741464
7843456106
4800154721
8538927753
1444840531
1344327086
4036505859
2090015162
4469654309
5756069517
4398297676
9570774169
2472793895
1634814347
8569694080
9012342335
5580322121
1496790159
9727076579
4585534834
2227334795
7888370387
8654219717
5990397924
2433699288
6436635320
1207418930
4447681322
4619929353
6911019608
2600363197
7172744258
5743152517
2683414703
9481369263
7411778110
7902916234
5678089833
8456759830
7792046829
2668267302
1935666631
9314999598
6050947307
9878622570
9840812117
3570674675
7065762499
3149790112
7663655594
1688995240
1210191773
2159486244
8429608976
1843255669
7118808688
5751482844
1220714834
4034045168
9380666270
3934957001
7304420070
4649305003
6899518050
1113865641
7117334785
9246993775
1065793758
7161293480
5387429946
3078286392
3859254966
8078128890
2999266098
2011211857
2103069800
9518852869
4086868935
1257723985
1571789247
6914701856
9906681083
6594401517
4597113905
7088801978
1442534036
4408321684
9286511859
8644700339
6909270456
1348526112
7466229733
6766469352
1604354341
3970925676
5651245087
4329979401
4273761042
1016021407
2445366791
7799795178
5368921979
1203310972
6987604590
7843518530
5190913519
5916465136
8284198910
6952265339
7672992748
9102930347
7846617925
9136195471
4726311921
7864805954
8554018694
7887855957
5326067689
9582469014
6924928904
1101894717
5900724315
9621938111
1372000730
8669674716
5280946940
9535332459
3557596178
2661872883
3103193584
1310141397
2549902181
9711944460
7960060989
3820920869
2685191571
4777205006
1662240711
2185422254
4637437051
8988193873
6422035559
2875934367
1234580871
8583352667
3220023457
3458120575
7399869053
9997205871
2502350751
8848121225
2977838010
2756090592
8035985284
5047804258
9634833963
7384942477
6925812303
8550774220
5335271529
8005850801
9397170266
5474947467
5908603336
4571223471
5866204648
7766550120
9569349099
4216437621
9410979567
2006776325
8141786009
3193990873
2671011531
7486115110
9386578140
7117639207
6871523883
4921880445
9298145110
6761835406
4890935916
4714053748
6438167893
1783602359
6009616676
5275008463
8131161591
9693333500
1932081447
7347912563
2217036707
3386874398
3372496639
3217961118
8698050681
5970917863
7554791664
2865295892
3615864653
2405365762
3203682677
1793543554
2049915810
7445719508
6715403181
9012164647
2633556953
9370646431
3403488874
8846850772
1953143980
5448394004
6677016302
2741877434
7582631759
2619369721
6517043817
1336592087
7181543873
7076591165
6864015745
3334077130
2604237701
3825661478
2606116876
1134812687
5020064169
5995473855
3068756248
1515452545
9787857360
2099114247
2512853545
9089246028
8602262296
5952507016
8552617664
7855416309
3277574787
6146920136
6892266595
4901468672
8981552957
2457445120
8673089497
8762898698
9196048274
8193728155
4911669648
3539584641
2165716370
5024068432
4620364037
5196513042
4050537513
1587036025
2233044133
3996326576
9189551732
2140549482
2732135941
6545481171
7014105517
6933858411
4078811647
6072848484
4138132284
4736411701
5459408060
3391308375
3691809515
7687904074
8586576478
2372204739
1015899688
8546284559
5078411462
7823468387
4577399873
3159929760
1007145558
5905212459
2722892997
8258632381
8116442674
3179571590
3648930452
5144652088
5567690041
3748712655
3509819700
2846134798
8256112716
9862363099
6607001208
6872606403
2780960849
5014271030
2346178327
7371439553
1038354918
7768494535
3095574526
7456669954
3292951859
8991579235
7223148330
7839669041
2485906756
6423626651
5071982105
4403709349
7005906609
5754668233
3973560906
9670409241
7158964033
3013194366
5265637551
5942745616
6272505567
3928870557
8242346050
9669814610
8883386375
2767076080
6729794996
5069769801
4554658825
1726614102
4646390584
8989238856
6266243212
3074276211
8549898681
7229195328
9422710240
6109566959
5626890207
5721438046
9957568424
9906610229
6910721227
7880218571
2820384981
7334591997
2313176906
3026104346
2676053321
6340904392
2021195046
2011530105
2200197052
6308502816
2188594724
4311793189
7552256899
9583468193
1022215993
9859498522
8255109113
7576975083
1457755424
7368662593
9989290951
6284050308
7266080818
7892947445
7678029187
2929225100
4596352990
4649944664
2815506221
3452829262
3743799604
2259713045
2340372906
1834545964
8959954383
4266898350
4494824539
8917692883
4711591747
8631396916
6521100978
5222613012
2120204080
2028822617
5576153208
7034551268
3130454773
3782788903
2472125763
8269081992
6588678766
1999322248
6072607135
2169086686
4670224184
4966837991
4548606370
1704428943
3033995082
4842344614
5895497770
7409119427
5002191502
2969850598
3375398047
7658380034
1101342774
7322815711
6894139963
3827570421
2932934976
4048743497
8720298462
8792813152
4463678995
1930738284
5006280679
5240649592
6997317175
5196306197
6503539878
6127864643
6367351300
1957753721
7259240481
3972608344
3248500739
3094272577
5548477735
9136682024
2076865591
6815998143
1133063696
1310141942
9200436447
5553211641
4981368114
6386689794
5984246667
5919121773
3150800357
4006664406
9719864834
3063373565
2424978583
2630036350
9087297722
2808240136
7195799933
9261239951
8287518138
9009615602
3081922379
7940456069
2923548594
4828804089
2826923694
3649428145
2079799177
7661465673
6562516729
8879923801
3164569782
2376595922
4431854688
8283661328
9164102074
4742212112
3883596957
2841726980
6966248638
2806048367
9904334459
8893722841
1766322040
6411416294
8305451303
3055361623
2796743027
8659382320
2218823859
7776007483
2535560673
7956181869
8992995431
5677500469
9631204769
7009084912
6491375717
2538847174
4191029872
7252455978
1821998285
2205288347
3330124709
9934497107
8039560042
2167906190
2876003585
9152257054
3078386650
5447623330
8691113025
3101728187
8659975503
4204196623
2452552523
4250339764
4725109618
6776144732
8068379635
1146688210
3241227606
3496955642
9988390732
1007893829
4184191573
2919665487
7552344915
3277365516
2043399714
5071565015
8833928866
3259594210
4333813152
3149628151
2737837517
5503887482
2274631143
8778730948
1885085737
8013151134
5335544110
3087573454
2686355455
4399696074
2770522822
3033363926
1066147828
5750822724
4840580382
5267757983
6412602766
4049931223
6090153020
2716241037
9747871045
3241599581
5668384263
4847437132
2300176592
5237880157
1931836538
2384223887
8128595547
6994653700
6123521446
2067129507
8550487404
6712634997
3954806379
6245949138
4287535154
2608296070
3197580309
3916477833
8861240260
7008322906
5424895686
7900797462
4718192153
9039160511
2531210438
8346787086
5249656997
9186580244
6645012749
9089502760
8175487969
7363569313
7683032183
9922469973
1443294120
8584372374
4860858532
7398966604
8944971566
4145496060
5794070675
6118758500
8775201624
7942679501
7063468191
9262148564
3867069516
9864813658
1749710027
2331042902
2106975384
2414609868
6982993995
4060319061
9008954065
5734112244
2502367585
3408228345
5850470651
3567582342
9888221297
2109621882
5583645003
5176518316
8427794145
3723753130
6108541535
2298752356
6974782765
4275079647
6975240388
4598376935
3762274924
2137696245
3677373086
3335939748
6115308697
3570968298
4882918770
8771657925
9877504921
8464060643
2765392977
8231056941
3092479214
4273234703
3465938861
8869137749
3882401978
3399541758
2658449544
5107226091
8516885788
6797007073
2425962401
1083399737
6710560720
9082610196
1066746919
6884478031
4944546562
6947904754
6916708258
3415171732
2984817602
8214225864
3722422895
7850310672
9079761112
8184404648
9513494797
3114855085
3846330866
6613979349
7995692802
4490131584
1651672644
7165441616
1553026573
5788583523
7984554879
7408360830
7025318818
2201549195
5272043031
1437052897
1017862055
5462555194
8238400408
3567133361
