2948577310
5046983926
7810003590
7759604097
2818144970
8767169483
8577952980
6327812204
4338509957
7174791868
9925292949
4493165809
4534040906
6709664337
5846556414
4072864627
7630104737
8750117343
9051264149
8319911961
1908873655
9158960282
3650724296
1506669382
2916592795
5153380149
8929297987
9048204039
2799750013
6732392070
3609916861
3814507308
5246241857
9634420770
9458213825
2155125081
1903204431
7971920060
3469806695
7565039379
8110130392
9334021073
8655068005
4461565068
8474722309
7666418284
9732537502
6055712268
1556705398
2900085781
7190990016
6476709162
1721724194
6804951586
9011699136
8914349572
4150555703
1173944657
4327237358
5841317079
6307076282
6533234120
3628399099
1468220945
3953077341
9620699300
4438901802
5707320990
2716408853
5724227675
1722046504
8203277532
9245250486
6775923768
9060390579
5902840053
8278250328
8945579699
6951149035
7285844509
2031373963
2415833977
1143675207
4494695251
8161369073
8393847056
6094590067
9120435795
2326531361
7400212649
3767110621
3490622140
2222019803
4555269488
5236986631
7235574128
3749650844
4356445917
2367104644
9753626180
5998185584
7925058438
4315779632
2437743130
4051312447
3823797174
1055105184
8245127580
2500260657
9669020547
1605747296
9975821473
2287761799
2609736334
2777729576
1420753179
8929058726
7442511713
7802464659
2571842748
1032646490
5789285284
3705072889
3367026541
6781846297
5790708544
2557912019
6846668933
4910400008
6357119840
4288980231
7414710356
6427753697
4145680007
4029640732
8936889937
5389182541
4423870070
2439510157
9175467291
7673864456
8389363111
8580959817
1383112940
6631634006
8292536201
2083892398
2219490555
4067009565
3664087589
6175973707
9638341936
9226373750
8963718295
5898003084
3129382478
7546674251
4836199743
3429419412
8181365389
9578300049
2631895499
9932676451
4294260927
1441939184
5255839808
1701532646
7263940709
7937553819
8025296251
2441344397
2711110123
8788266519
7643446933
1655147011
2691955239
4052710427
3588316166
9956594207
3106561867
3142649521
1468692822
8729899851
4094357643
3280372190
7556270798
7315723123
7635442105
9140292263
9407430017
7225965906
5326168788
9321015603
7412490047
1711827388
6322598180
5215096951
6418181946
1615088560
3156136337
6835855002
5292441402
6561058144
4041131619
1647745780
7369889919
9584438315
2191885739
3092512662
3627997198
6253180036
2552546585
3698100462
7387155488
4685140116
3995975345
6260494771
6262129835
1752333238
9399786403
4675211078
3192618160
7347738305
1128708034
9043339847
5558826304
9742480627
6576022102
2594537014
4161137118
5954037220
2531454645
9809952939
9758797175
5021311254
8839671144
5987716552
7325363886
3928955321
3354180259
6547085884
6030136857
1351765958
3926688529
1011882831
4351621188
8957524159
8065456873
3215316567
4435024806
2172150818
2170687738
6398408806
4048642842
5046069017
2552631291
3207161968
7724651665
8777910934
2105109848
8588357455
1411377159
9807246652
1237970776
4351263380
3816463573
1495570308
3061519991
5541196148
2470138005
3594197171
7890441122
3033747816
7761253403
8276837918
6010972916
4045647755
8308534530
4730388671
8355023827
1665666283
4436085304
8916404940
4927607262
1970644540
8480055130
7699141672
6151278552
7501221866
3585392404
5249142437
9090755983
9294634065
3990850743
1396164412
6608279666
9372616193
2886908079
6542699750
3787319430
7326220871
9517463672
4168656664
2768196724
8062690666
6464657240
5761425005
4778011860
1371164934
7293159895
2204511059
9187896141
9506939399
9477284155
6151761373
2002635450
7534905775
5632549347
8321587933
1268634835
6553425079
7627513536
2134690109
5396958529
5038292973
9197136707
5763524903
1725721523
1751850639
2369697908
7039471041
4915818228
6711638288
7109419316
2590406484
5709457468
4802421080
9901581867
7520296761
6582045966
6170238727
6152978713
5802542503
9888720937
6093423406
8216077912
6563161947
8193905659
5109573871
2412466431
2824466845
9259716985
4459689724
3714887468
6065940508
5017851606
4177373568
8456559703
9624646903
8459302288
7062379449
2325957121
5503109596
4250583307
2438483661
1511853269
6212481909
6414114495
4309513749
5648969675
6406758533
4166433441
1306772383
7041730425
9514630502
6208685557
8077337202
3037572169
6121964744
6290763659
8263652069
9984385187
2449129458
7950341044
1741145780
2406939628
3161816433
7981493273
2457579179
3767744006
8463633944
5938250025
6679203118
3344353715
8011907587
2336464687
8519816418
7428865404
1557732038
1057203765
5383493130
1369211158
2636555232
3437222157
7465991150
7840087241
6590366250
9387784803
2997236116
5131143367
4695319654
9050338044
8818006909
3114535444
9524453658
1724289768
3501354119
9634896339
9828173286
1404318796
7445385603
7735812297
9637888462
9093052434
8673000519
3484341148
8893548202
3754191811
4054112579
4057831223
9890377715
6466912170
6922841278
2659960766
5055563998
2115923013
1432116483
6937732986
5751814351
2571822617
1215073201
5213681091
3060722712
9638045117
9637100058
8455158067
7954967859
2041430806
3143041291
9037709158
4765698959
6387934799
8996415054
7971317514
2761796487
9298731449
6175421401
1234033102
9497668397
7017945660
5577567769
7791750056
4279565702
8512480783
4334274735
7203811380
7238735521
7691961088
7593878701
6590494102
6952652172
1317193568
7205233322
7598128528
7288604144
8916586714
3245903431
9261572885
5138645778
5004615097
6698941087
2911424213
2548742515
2420602892
9488727637
9300079468
4422122732
4951399772
6976409649
4439488795
1513847360
5034062065
1696327242
6897535063
9575174447
5082547670
8017704635
2575216343
4364017501
5700225793
9281091764
1385971994
5726922695
9333978301
6188938661
9178185470
3571493714
5681727534
4937319961
5234669689
4434821721
8616027071
6527223022
4550132947
4911200962
9860092575
5423013167
2429552905
9340158955
1580570037
1000255425
7107835430
8308665592
2852433511
6764853838
1879416289
3805854022
4537154908
3537990270
5243086201
3821066666
8863585276
4514939916
9817794050
1913457937
9094739590
3020185536
9919506852
7360496830
5001874506
2668776057
5607519784
2815330248
3704543372
8922145321
2029837989
4710940425
4159481334
1240691957
7663817817
3493121993
5357228001
2598960052
6764857988
7877829064
1956137913
2638749117
2622750463
2818562607
7433558124
8922736908
8383148435
4041042202
5404080066
1481865389
5511823131
8453440911
5946987096
5200181066
7854399397
6205096336
7946714761
2727105605
7251600302
3965775801
5915142299
7714419374
3720351145
3383584493
3638752810
2857497540
8405619307
9867393864
1821104209
1691162615
1260361515
7731409309
3185869799
9143639329
3564310178
1884982271
3906371876
8665683216
2746541175
5516981873
5394990930
6169945047
9138480333
6179730541
7804691028
3792456326
7812472686
3360789067
2011127355
6506198857
4302097834
1324562418
4727751593
6233980825
5345785114
3676630258
6729684303
1758344658
5344363792
2118495029
6832358617
3828282514
7694867768
8580062345
4185126811
2799744707
8335646150
8211405774
9043307594
6176214792
6616948204
5555737546
4992072963
4580094080
2818188052
2169162390
2551000937
9589136758
7726115956
6609275828
1054974458
5730931062
6245756947
1660892633
9600743321
3872254744
1774656091
3093797408
1660205626
8376848315
5275257402
9223554139
5111815515
1892109764
7216278984
2961660974
2334332053
3283771354
9696735244
9830754329
2167779131
2996741837
8833350323
1726894754
4355026526
6417409396
1183089801
1802891530
6450000835
5753298681
8027597980
5811366130
8814975972
5649631808
3076915733
5354588950
3084972224
2696772337
6290153212
7444941758
8707666761
2839247975
3923514425
9765366285
7797916717
1922740273
8357743186
5057566295
5513111818
5580133339
2504689117
4540832081
4676518579
7231565564
1386511439
5445282614
7348431693
5121436091
5007351155
6403032043
1928448078
7770712273
5983490593
9075589693
1626744610
4272810408
6953871885
1105184097
6835309647
2366490044
2561636549
5058305451
3969197454
7419383549
2841317506
9857451555
3344569021
6751266850
5782300547
2687674554
9124243841
5679365997
2290049905
6359868771
6534418873
8616804547
8215549729
5469779290
4201262051
7783991280
7950611094
1123421895
7913416743
1296467553
2165740014
4220375585
4063483993
4993685036
7383795177
2841300978
4857693661
1908341203
2482497331
3248837671
1358688413
3052141843
6853764097
4740701627
2365624688
5103339117
8437851353
6664746822
9401214992
5566571211
9583799984
3237044066
6904257543
4815019980
5831472752
2608372038
4735451565
7798675604
6852434213
3141743883
8693972034
4405932683
9889128479
6645334592
6711193859
9321705362
5654574562
3035110405
3154501532
2751677547
4549039105
2901481834
3358308045
3724269461
9757609381
1814604896
8262305645
9969779852
2479987687
1729228226
4686330537
9692616588
6404622772
6831509998
3334717219
1570520721
5358574684
1516167311
6601589673
1962226425
5367566611
9164140583
7580556904
6744941874
1613353241
4768848580
8414125009
4086278047
7610112298
7923228101
3058124737
4588664377
7097948050
6562890468
5225468905
3147422436
5358940041
4450970928
5870289415
5212138180
1514021408
1138476752
2659950915
2763981336
4174725246
6014863053
6485698147
4279163754
3125783071
6572255735
8115451329
4324771974
4281864866
3348683829
6993633812
1403134268
3310169880
5627828907
3431270824
7902988181
8078498269
8928137817
6885951027
8343269781
3988475293
2676885847
7653159628
3074876970
2895337507
8350617259
1986536378
4596165287
3478117730
1690992521
3374849411
4260743897
1038577992
3344815209
7150943088
8553491373
2510576663
3829512349
1330454475
4381788954
7358851733
5252301425
8027405601
9298159742
8431417801
4351446925
4614233686
7185354190
8440246365
9242795608
5902324817
7714226447
2766086315
7681808887
6902488864
6649974418
5674698449
5959019510
6037784531
5774190821
3333772703
3272291861
4531469142
3892644591
7938211906
9466527919
4777706544
1106306877
3368408543
7166236510
3182666212
9839176184
6098801442
1233888589
9437003346
1008943167
1562307896
2386466300
6287897074
4932552267
2646566238
4169336772
1986215984
2820498962
8141984842
1107568125
3638721161
3860429516
2554911972
9494591679
7229723318
4444650153
9839997913
4352613584
8919938109
3121355384
1484363902
7157479062
2925751966
8932590138
8033838587
9750777862
2549878956
9077467971
1936614666
2005986785
4881446933
2163661411
2833107360
2804972374
5722982767
7628060132
6944339253
6324553841
4541626872
1929582780
3389638265
7897538750
7038938256
5009180158
7365566420
6868898964
9277375188
3848192206
7367364595
5168750265
1374914104
9842539221
9590547108
1496335068
7180894237
7841495090
2049376150
8771223549
6177082874
4929821110
7565455147
7446889299
8398011880
1227733424
8653074965
7299408879
5035714299
6678230580
7873296479
8437046125
4368517202
7247876451
2567603342
2857029845
4792889013
6618471929
1683754356
8542221061
9603906796
3115906800
7713093955
3336139341
9395944569
2404308729
3525990598
5028324076
1994057926
7598637106
2757276039
1457117731
7505746727
8989861111
2180597445
4154883956
7017039894
4967235854
8715698812
1274060566
5156298610
5601722684
2707551256
8042523658
9196305271
9955765896
7679252096
7768786228
7487714831
6383395300
2447377839
4911961212
6040795691
9772415608
8013958839
1893967292
5556424668
5107740878
7607644134
2009430323
8148506003
5567303923
6368549311
3154076292
2639573274
7760014914
3868395753
8642994751
9207399139
6318254121
5021517118
1466332304
8272514711
1331258063
1095009975
9068083504
8986421750
2071100684
9719090561
5111093802
2841054729
5463639660
1307654285
1902887603
2199836188
4525476193
2742322574
2928491062
1073048978
8097995330
8890987099
9916306531
3196304985
5385228833
4120998444
2745739746
9780184214
9840552136
9138915353
2626005964
1023677291
8067159208
3733589863
1059459691
2949265786
9347979258
5199281867
8275411821
4766167452
3159455043
2696283931
3650801878
1722428626
2152100315
2942157244
4279992573
1325160962
8801817046
4838720460
7650284785
2069977275
9164004993
8672540518
8381395934
1421570787
2036794434
7401170119
3028587465
3938351754
2727214123
7056177793
9620352046
6942296676
7583095015
1987659849
7132620977
2528887793
8078737190
6260879355
9688866216
2156246613
1818420132
7740041204
6410999976
6621052822
3613369970
4938806547
5700716511
1504551788
8846029133
1406094529
6272639566
9394472350
7297112699
3770929653
5161485425
8277552672
6800725446
6274772825
5132550865
8195878341
9260778925
1376243438
7280572963
2857900930
2477501732
1566054568
5250231600
5531515060
9140884751
3265554567
7943419618
8312041414
9403552609
6064989792
8881281038
6509481519
5543377057
9645112729
5735089134
9549058518
1505954821
2373252059
6742142827
5528258429
8647322007
8072502932
2709977291
3278010408
9236702765
6192474000
9609164580
4244499440
6694073041
5988791866
3728960449
1422857663
1466796719
3017800107
9168064428
7666279676
2252678036
5819410447
7875164320
4360068210
2575957929
6587920296
6181943821
4174416275
4513762091
3309788581
7188781097
9740427584
9543437759
2645721071
4911204250
6569192978
3416954249
8660289993
2547446077
9382074209
2802420022
3563957652
9134429246
3734080374
2702644862
1714529704
8378067396
9978373741
3610682975
2149622842
7888553505
5945359465
2832508586
4857031406
6615097160
8751556416
3713707597
3493190443
1656508946
4015020304
8253009213
9070946703
9534943022
7259588783
3533973847
6933852043
3676605585
6206255368
8101179616
7742172401
9666943566
5792352059
5403380467
2230319931
5308197485
4192677755
2833680224
3478648501
6510313379
1039723161
6446507449
1780571502
6024746301
8564565700
1284730999
9233015640
3638514782
5570594848
4196103496
8004501793
9066183866
4775091183
3681569557
1887257292
4040920278
1461925644
4649171012
8701939762
6554281814
6350569990
2706390550
5800029912
9359852529
5118360124
6596922287
4047881157
3115360749
1269094453
1231787006
8587263952
6212907071
3338468429
6937671559
8166828633
6651937086
3636818888
4918579288
3435049713
6886885901
6630739415
4353096086
6756153897
8168271020
5628645083
9909833749
2417839104
6614975643
4236902150
6459172586
2234358855
3753972630
7128673293
2361522137
5741188271
9127840936
6745530961
4255843753
2490634204
5189861635
8879950555
9170485187
5415807902
9663141516
6979907616
6807984981
3643087702
3275402280
1132034349
2319086498
5045290439
6066535517
9494275264
3531806097
8740970431
3622782688
6738270174
2674079255
9920226672
2364905561
7354568488
8387906330
9760404182
7413266222
3502385373
9524227225
8191592402
5101885616
7749470306
3330965692
6814380974
6372660118
5384485049
7267321914
5409042304
6152123412
5734755859
4613456987
1183034863
1622434557
2619435556
4362055612
7155790701
4888627132
4276735937
1924183691
5459715074
8921852836
7843634331
6982064694
9852810237
9698381636
2379810825
3671865256
9014569662
7723179416
2797785153
5803866587
9385941188
8897735263
8263662291
1713740696
1217338133
2621042675
2460904866
4130206789
7919098651
5837683001
8086355418
7742047000
7006646780
1523329498
9271835691
3517084645
1915359503
2277188006
8514424270
2173620315
9422743652
2046219950
3138599843
3704368965
5975706534
8951404764
3414227293
3102625878
8708108885
2151802838
1031191990
9825745065
7588621410
8654853245
1973094395
6661008884
8329310227
5210901768
3262266599
6459177264
8875515118
5944588196
8850021071
5768712364
7729496316
2081822736
4459258536
9305913074
7284442696
4473526185
3863775572
5619501477
8882399835
2725001175
3479726832
8712969199
5237130277
8549821881
1865598684
8866615203
2099589188
4031969827
4489703063
9600847161
4479978004
6979956608
9256788235
2616558753
3099805530
4456405319
3899896814
3270792503
5404777027
7057879646
6036725170
3368487414
8835040241
5561337589
8082955730
3295058572
9647160342
8061191463
1838706331
7123742758
2894300111
9006350429
9409066252
2477342804
5253301099
5151171198
9352367639
6487775883
7716712226
1454754376
5058817381
9367891737
9108117649
6698449315
6676105505
8245204629
3616905887
6600378675
6510178471
7012645240
3093795410
3192933064
2720946890
9821160325
6963921969
4255342067
7116274562
1531818099
7318603015
6728775198
3462276647
7683279840
8937829353
9259636371
5767436896
2237833612
7259754666
1921579859
8161444868
1075686765
7266856925
3320629555
4775988798
8754339204
2844022679
4054799153
6176996786
6298486590
6325381132
7304392972
8600819660
7886011123
4797176697
7882752139
7054655554
3479724497
2118701611
8325469729
3162548520
6468287325
7579575865
2378694443
5909272922
5950672463
8957959781
4394657195
1849842062
5062581746
2581550496
6612116098
1543449798
8769503856
2476583415
9683725569
8245449421
9090310943
2545032377
6485799882
3845963859
1588997244
5159157546
2154259345
3655606866
6007477814
9066803804
4268988064
7322650044
6819282249
9881209391
5200212127
6029170049
4422873268
6771770215
4918985127
3266369859
1952753845
8614278460
2464531429
1783949657
6837654071
4992542162
7493091169
7627924825
4128494517
2474719577
8256172682
2702129423
8276760984
3502987736
2844807516
1820405102
1485112434
2364794620
6484245138
6874494851
6159742962
6464399968
8392123174
2958962538
6414595011
6275911575
2312779046
2769095556
9881668300
1909998765
2594571525
2791884639
6939918024
8407264847
7368540295
9775463198
5005590624
4717025120
9890993580
1420818875
9735324437
8775450877
3269681978
2083818663
8778116003
4080044117
3589731551
3733594539
7118046321
8791828489
3305393285
2773537526
3305535907
1082509036
2378547536
1368482619
8592633529
2170526766
1450713067
5484593892
3847621472
3192754521
3639604685
8504173636
9010617184
5305358076
6977563295
7370493831
8808627226
1422394140
7810817569
9239183129
7638608061
1995354542
7440648672
9100612847
8342032661
4359783331
2262826606
4052271879
9973569109
8265121027
6611655200
1037969908
3193065610
9847847676
1996897408
5770582818
1316468104
3509144823
4007885394
9398023676
3531951311
1076360180
4333333797
3038145988
7743911062
1474078087
2222571922
1957402496
1534731721
7793658598
2571760536
5685784715
6341102031
5717753382
6893315631
3343551036
5448273322
1492136024
4898749320
6579972581
5681809509
5683310202
7766769762
2702085942
7809259648
7220183936
4076402598
5134748253
5535413815
7374169277
7391441475
2299259569
9668512934
3346259551
9264900452
2351171040
7157570544
5593061334
1827058212
7476506411
3218665245
6891738963
3332555215
8938458782
1833171491
3703499183
2106932544
9253438283
8903431013
3519872873
3800499627
8431204353
1040500818
8850071824
1772697278
8789638875
2415585627
6896803188
8217040792
7261675245
4243309200
1109964626
4644962334
6279299165
1055184807
7546636200
6153735907
2360136348
2656600077
7387913861
6202548060
6837805391
4030843630
7548766406
7282755209
8829643633
1198022388
2356172911
2967695839
3925553154
7688748264
2137363973
4164451932
3021826464
9269780796
3144949963
2582415105
2933424892
1058874565
7032702569
9443519752
1364101146
1442600929
7687546867
1968322986
6384296750
1109037589
1932833452
3711582515
6780360967
5800192368
7112217105
8798934038
3974703364
3632061684
7694186923
7530802966
4020135854
6432569281
7798025766
7426459672
9384534798
4700789899
9044689996
5406085855
8507369169
1408475218
4079875569
4790400280
6793557393
4942857437
3474838802
3521667046
1593936502
4835487741
6343169706
4837101585
5265678367
1388215627
1646440798
1998715981
6712452752
3415684015
6776839384
9563253252
9570485288
3081610505
1065304583
7118268009
3757494896
4390449727
2207937616
8378866359
3814816411
4797786921
7366579864
3469579100
6839876237
1983128573
5033617865
3158453001
2152638310
6556328816
3048827799
7494663811
4734797937
3619099575
6752472563
3357265803
8323132542
8872811650
1442194164
5764323928
4136881551
8519375449
4607171484
1663604823
6951797538
9971067453
2044465189
2964249304
6785542817
7925013983
3346176910
6652173122
6030694502
1260652654
4455979669
8898775314
9565414238
3227560445
2147934229
1509534264
2437910440
2542216556
6139799217
9347729887
6793979333
2477181859
2141282922
8566587663
9146821228
9279409540
3400788841
5974853707
3450959003
3182171667
4985461325
5301517499
5376538368
4806836701
7888728921
2200887320
3113828470
7454425313
2042861142
6720690139
8418289728
4213796733
5610510949
9376950769
3888790084
2200905851
2056718720
5540730499
7082793096
6585673263
5280327425
1198769289
4891185802
9865158440
2672083557
4917909539
5237374323
2009854843
8156491529
1289724372
7857223459
4693070197
2849863301
8239109790
2510859815
9044676528
5275369700
9800996830
9181318977
6906713202
5409086390
2580778838
4428032016
1674465589
5102101215
8840104948
5029878861
8625126919
2139187185
8901196818
8356326968
6380372308
5071257017
8763249238
4208206611
5750640905
9944688676
6299387364
5154332004
4051313041
2503746251
6747559561
9700928915
7187070044
4705508387
6584433814
6352370927
8137583663
1045580227
9678442675
4201443293
9803085111
1387239232
9250260210
2493861044
3057425062
4294692957
1302359479
3786062849
7901669743
3333914766
7325215905
7241963382
6255968851
4062832732
1682596695
6673730526
5727667650
7662055096
3911939141
9353659714
7026789499
1550156551
7262727083
7223841810
1091305903
4895419182
2430913355
5601810075
9543611532
1129883384
6489778533
7664700068
5030060459
9909413343
5775897012
1186270606
9110128542
2291078907
7775162438
6607914134
5198509733
9958137489
5548848030
2975039195
7375675983
2916592888
8701325558
9811934465
8335241901
9055148711
9540464605
4881511164
9052853463
8504546776
1830458362
6427151391
8769458686
9734681147
6050237197
8910378877
9856763911
7212001492
7308086908
1255378077
2101273308
7536783727
2834511586
3657199510
4788720880
1583233642
6963958840
8893298220
1421930512
7588999965
9515717933
8431799333
1060778324
8315064642
5416194817
6364017137
4991254464
9955855853
8900248059
5268682854
4293606686
1208727826
2663694752
1513345452
6078632491
5283095298
3179846365
6434462713
6229742310
4676719048
2590436472
3430066870
2166378119
6123437874
3072526360
7745943625
5961747695
9211919749
5526099276
7507348625
9348411788
8409433755
6310778984
2557222621
8952150314
3437692991
8946526450
4151195463
5942816253
3426083445
8691093985
8894918475
8712148615
1003698614
6424651797
3280542241
1344770469
4705465478
6378719199
2778397143
7489021031
5888520277
4881160412
1140821299
4007224903
9713539537
9936973150
1354267700
8829552455
4344353284
9786744878
5564615193
7198006165
2752094156
9717383301
9955934079
4304875152
2645081019
7895838189
5659824016
4338699250
9469404618
9384358148
9142468636
7567129053
9169217449
9323063817
4484144124
7542180883
1860644356
9649574256
2534468152
9107326163
8816714061
9865522274
1219666159
2451023166
1610180333
5206535143
3570534568
4806072039
2974795352
8794302337
6796006434
6462857799
1463242711
9140288593
4078854361
5523324062
7613249905
8993932805
9064755999
4103715534
4440374258
7435376105
8431951204
9151941098
6566411489
3405066105
7750280351
9456583528
4390783535
1657963519
1287012447
8398927287
9608023544
2055968656
7996225667
6163099410
6814540635
1787693333
4980011134
3955944233
1235526607
8902866624
6125459766
1982315930
6709901756
8381470474
5151970686
7912420129
2798401252
2575048530
2644211378
9525793585
9098068731
8681396009
4145553372
4932381406
6503263152
9319822951
4058256095
1622010372
6575209607
4532784864
8824033366
7514107543
2804289872
4442432255
2008636594
4444890956
1111953410
9475984464
1684414906
7482798827
5169289439
5279269560
8397030280
2392158907
2944009288
5379932008
8481575485
8688738887
1999549174
1229585624
8001639201
8125592213
2909648127
9635809487
8393327624
3648597123
2427916012
4746752540
4071719439
6927497588
4699419176
1302185526
1344385286
4804701459
2987656585
7877058877
1461233651
8683712529
4658844131
5190954902
5558991765
7600463787
9495850754
9106810176
1115849890
4556698611
8260949293
8079030340
3156015299
1696728416
7899016352
1434762003
2287769549
7005938822
9253708584
2503865515
9598886582
5481238749
2033223444
3868316366
4952576641
2460381885
7065126938
9533966335
3997031331
9375327909
7108202783
7780802068
9012544112
4112736744
8650170942
5918496113
8735503444
8768365360
2474239972
8154628882
3370386213
7497877333
9344488323
7074402410
3713189282
1523919150
5769042230
3620906584
6499175992
8845840587
7430357656
4823038218
7525375793
1565229030
6788778782
6532373926
1383227030
4943871854
7797898188
4531743347
4783542852
7030506291
3026233770
3595315502
7406396030
5669262394
5926192276
4951661964
5440489207
5396760020
4674236139
6758701427
6972971912
8577300505
3647664770
5084354477
4112012998
1458856144
3457096191
9189519992
5694789481
9048303863
1265334724
1272643697
5591999789
8998920722
7312929541
8128559924
8053168607
9316212912
1027134087
6139019264
9013051159
1476556677
9923163999
1145414951
4940430164
8637322296
3280203910
9431404362
8804018250
4302947919
4087167145
4763999079
5441391296
9820554794
8791160199
8349199384
2409802745
4662678244
5509137000
5079639409
2430641257
2351157016
9484267907
2039450769
7945628308
1841864789
7922070130
5656934045
2177371742
2528646619
2453114007
1509270948
5734449464
1644400338
3668862137
7297321575
8452710331
1208870019
3644890359
8453126553
1893429448
2834157973
9998819994
5335790145
4830815462
2706237604
5870146606
1602315559
6482270389
8441192382
9887673543
9587640881
3314971438
9367581492
6125539481
2757320880
7366083697
5561695633
5565246647
6160385742
4156589852
3756428025
7755514416
3397736991
3382017967
6768833164
1152522230
3814629640
7483765219
2597204036
2001681629
6591018502
1566014747
5640354093
2145511765
7815464879
6480892943
8350322138
7647440494
7550960757
3519234106
5267855626
4847949749
4541644688
8841272883
3670472377
7724643605
7781089754
2301682913
5778531206
6718492455
3195841855
8181320743
9079611104
5590734573
7771876811
9505414744
3289974508
5967261637
8743687813
9431506914
9886494700
7194953746
2652924362
9673413813
1017899313
8669789766
9637434546
8765725058
5942796787
2354967314
4006970816
1746760778
8004549279
5742259855
2110849540
5412942009
1592726020
3986420670
4299452053
2586859173
5571082367
3456801206
7232641393
8157049104
7833366453
5630649172
7798621590
5129052542
5330380576
9855023050
5351196268
2036124663
4198397869
3619469917
9734631916
6747760265
3935911576
6798887072
8499666839
9471706194
8618608758
4553810244
3212614875
9852841329
9303736122
2178076775
8336118558
6291174374
9915530245
8441191022
7840484424
2973369458
4551116754
8680081079
6903697271
2250853577
2720820795
3065023618
6853572785
8379340778
3838753052
2724163989
9592574295
3601665403
5851679132
5626271295
1434362981
8879003354
9387295822
3470609515
6442175626
9315519554
9285929583
9778754523
3484003362
1524041124
3408064347
6909287287
8442424683
3202639406
6703754165
7680756268
2348119922
2658216842
6053417316
3728978427
8901321766
3622896917
4147638301
2266079039
8066143014
4683215580
8578800338
4874779576
4204456853
4850213578
7229197201
7038123923
9924194441
8438531530
3710111518
7623682774
6066919689
4182789095
6901623903
5565894970
8166938804
2463374049
3055411292
3669240923
5800831258
8499113645
9059847007
8617515020
7130050460
8107981052
3631020060
7169909788
1320995396
9486654141
3342011965
5024465114
8499982573
4174000858
3591916463
7423094290
7811374637
5835052235
5405594373
1737909040
9754053041
5414725360
9524922655
4334756392
6600437193
2299850544
2040251457
9860481089
9361264351
3467361236
1147014570
1319623290
4173067655
6080714836
6229170883
7505594522
8409389094
4556105880
8692263325
2697779951
4058584855
4790929616
1816769427
3129349215
2112410232
5796834510
8296440849
3378405823
2027232160
4340774248
3562262984
6156070130
2981872804
2683678005
3070065212
4315757516
2302203045
7990360700
1251479088
9895989841
4872844339
1102811303
7595086067
8310945396
4914325143
1145543829
5193246732
3200743062
4531988051
8416889921
4049317796
6262319816
1550973170
7712265707
6567410532
6479104433
3011238153
1246938529
7075106869
6155194605
5253291130
7923702790
4198159446
1687267923
6599523588
5903284972
9933941140
5299972534
8916314715
3286440888
9616691819
6411405156
7649355873
9686530155
4856520203
3702470614
7035683879
9848603273
4049771623
4554194130
5076413498
4732116772
6345365185
4775705420
9230660688
3629588504
3784072307
5024442361
3939664184
6341422499
4913516326
1112214627
6730889079
1061899946
9932282479
9384947094
7750251501
8227598404
8206118392
2440830092
4819319006
3935804164
2089047108
3171877505
5934584323
5470558151
7246842139
8819798307
3902824644
3022460370
8891145603
1510801552
6318926150
2715179589
3521171865
4252796426
6360921369
6242861378
1236115580
4640252426
6926952913
6440096397
9909401378
1271720228
4108428739
6775134323
3354614576
1618949301
2442617343
3661942594
6549549041
5694820427
1095023648
1666988773
4947196638
2571693511
3999469948
6596325859
1784238627
5584705136
4345076234
5601468747
6046462472
7003303609
7539613162
1330888625
9530733798
1108376278
6308320083
1399742323
9906710996
2654238330
2489112114
4303029278
9540246276
7697552799
5750718820
9178132119
8324749309
9408764303
9726904851
2205088779
8243842195
9685966422
8113154024
8379278298
6286752470
8791608943
4635302602
3761728434
1721943647
6486650181
5273602415
8903286450
2579274022
7169533482
1727992886
7948731733
4389089197
8054192161
4617086233
9032581056
8502111871
3657101868
7248411482
8196680312
3807948981
4714064959
1580852531
8331204600
4690871523
7909035759
6797160016
5213420748
5179170678
7327417314
1530224918
7573372600
5434602569
1214891679
3020435437
8518764194
1037972928
7791299791
5780350029
3352983709
9454176377
7030313067
6266911845
1438802734
9759029434
6783052154
2923765335
8979055187
3381174885
1897032468
3373455292
5151055082
1658895090
9648507425
3871201914
2765596439
8871056188
1195338904
7380771856
9783303002
4703783573
1541920184
1870964557
2712224604
1200829022
9240407775
7663946194
5257847079
9689393043
8355240440
3822221826
6730385818
5930712820
8495090419
9172732645
6266872569
9728994873
4024690577
4993170516
1775559734
8939600084
6609902012
8901447994
2991200369
7327148640
6126658072
4436335310
1359487716
6689276162
8182686059
7506796387
3371189431
1870435774
8746214602
6184637321
8100901474
4202533636
1081582017
3521185857
5368949624
4758563405
2490927364
8109680923
8662054210
1782464229
3413474279
1662655368
3128838392
9916597200
8068111142
7640894098
2272117476
2362192672
4100096259
9970711000
5763273274
8564215183
5854977514
8634520262
1314999080
2887250211
8883370190
5355146995
8695097495
5445967930
1365644720
7400053129
8521318843
1606080286
5975841584
1391132162
4183851878
1518491919
6162301221
5522643298
1484768597
7349585460
3799677284
8664807069
3720484675
8215383094
7636217619
9618186507
7638782318
9281403810
9034450145
3284229890
2096514105
8086831691
7612923189
2480776010
2018115669
4836292266
7068619438
5446157651
1380255157
1467396989
4625171221
1149364573
5775799097
7378658056
6309990540
5783948102
2911694561
7248879658
8625978147
3106675016
1280885420
2534723391
7703904918
5168798529
3991351997
9095160227
5915972942
2718063803
6883478210
2539614988
1195873909
8638504637
4816163427
2235222819
3601298420
2928714972
3752006462
8167602696
8530790410
8068036265
7857736494
4851995795
3601322344
7516321479
7974319662
8466903543
4978783818
4392911381
2377471906
5731745724
4262933218
6821313996
2558231065
9972155581
1220762446
4156088781
7089431947
3068792603
7197988870
4510538196
2683252071
7634431439
8680279881
1320719132
1146183453
9137804298
1439760472
9836323206
5929257590
8821421149
8085222750
2896074062
2194559999
2662924980
1226906673
6813704382
7541094934
8994211780
2997317141
4749880397
5326825113
7594608855
3925842769
9404839430
6327048220
4349967437
1198718310
2827745138
7957750795
8917669416
9804432236
5677303983
3592086373
1001143692
1105331544
7210561729
4469289100
9322778049
3640263384
5522308389
6413478092
8718793933
5143355546
1992991713
1270112131
4607820661
2937008776
4362800765
7367065571
1401654267
7031190294
3593036922
1037689695
3670954395
1390688810
9098881496
5418758397
3775855195
7398484395
2327294230
2533385714
3138266721
9895665462
4495255473
1415141962
4999163149
3888540969
4348681693
2501502814
9201008948
1433988940
7292957352
4604601647
5602633293
4050557205
4241025617
1713789550
3657890508
6046800580
7863772627
8667153302
3717588803
2910713323
2256191304
5951632407
7365597313
2165480902
3930330425
6899255514
9157797095
2943926686
8223183896
9012294794
3399615168
7903592257
6295019050
6898881241
8997242949
7834533209
1647405745
7681968555
2138314036
9506493400
9329189051
4790281446
2962427482
2841503214
6152674132
8118471560
3989937137
8525007390
9316562986
4039186694
7039154048
6463392966
5249739322
5934312460
1466633580
2091747636
9216846937
7911826144
7738768873
1991024934
9939813815
4991182606
8679107233
6595968001
2216944477
8247015189
1582658354
4552013697
7399570137
8503694768
8747723920
4217216664
8389109414
2692931841
9279694201
5373123849
1418362315
9076702259
2692394006
2858029165
2293802113
7744014738
3802768677
6751692543
1700799873
8473252345
7484647917
1245907880
2565003918
7213136781
7756979875
2898584137
7319560565
4211714993
4810077186
4862817448
9506873325
5143020910
3898527168
4608362917
5950310967
5573606525
5127710854
2826995957
5394053333
5638208944
7522103302
2356429230
8407718002
3043896017
1944518293
4059804587
5168714303
6573457321
6849990044
8658806066
5781088555
6109858173
2205137850
4411882744
3863715229
4333090722
9078707009
8580492757
6279835489
9518056425
1255059030
1468409421
5971854168
6868543553
5456244642
3599290575
4967039314
4513023054
3303755626
1251871100
5931486219
4414064373
9829840197
4694744897
7476381108
4309724979
2707020446
5255340919
1243623411
3011263441
5380537899
8033402905
1037210003
4759914608
2979383014
3306346512
5298722072
8562188037
6045444411
8600184663
7477815098
4862401402
5638817884
9114902484
3804694155
2778832125
4000474780
7766947288
5473196696
7855552836
9058298560
7193728153
9233828954
8376285578
8823896656
6309439419
2773547231
2013088274
3425392913
2983418190
1564916638
3589407902
8317649446
8242642917
5590441820
8046408544
5626562508
3218924854
8666334567
5033509807
3359569710
2771168632
7940098878
9764047687
4751165234
2169720509
7645447815
1469776885
8932073479
1944743398
2234314279
2506873917
7396339169
3513391607
4166847240
8852566125
3674238306
5054089367
4311938423
8330668868
6543153776
5905744308
3683426918
4246538619
2342976166
4224833046
5574127299
5853125944
7599048496
4842803752
7053600383
1796537732
1539691501
1390916655
7335573691
3775319872
6490816284
9766503257
7506761752
4562372246
7864347748
2197135299
3365422844
6035691002
8738864343
6722792165
2373305873
9551364979
5141419229
9340023019
8937628083
7648190346
3988290187
3009684034
1130408978
1694726556
7441229562
8218784788
6920009873
9946977753
6186048943
8474893571
5158220811
4356103897
3144195050
8212546195
3015325741
6835917595
4958653284
3170762127
9000801105
8296869114
4707198041
8352462182
4996635678
1499871555
1897273467
5107001130
6235541342
1894294486
8784255537
3890904867
1360564952
2189554421
9556620277
2590195270
2562422915
2975499617
6080310735
4693388614
7056183045
2620209913
7449861735
6774060779
3452223282
9067367399
4955354975
3209433630
5361449361
5632212856
4100748170
5478298256
3637281854
8397562819
7466334829
6836401087
5700616355
8421537513
2319164488
8355276665
4918054517
6923809973
5427114501
6700918629
8820028534
1594978027
5873467345
9447865497
5673622194
9702145401
5444986574
7428953270
3648668955
5446342775
6251303861
9944366713
1027739833
3278152939
1152512464
3870772587
4494602701
6117087880
6820403703
4777615804
9680759112
8274558774
8351679007
4832172047
7516789485
1043414702
1029448577
2102659398
8258735676
5196418353
7349358393
9629919518
8613218546
2717169697
8470553792
2204338707
5112944325
6163379126
2720757822
4546048167
2237735581
7813035304
2194859210
7848922273
8695676843
5167468090
6353171760
4424730844
7512583416
2046529239
6884575511
8645011609
3530091716
3219184621
1518631569
2771885950
8369411372
4108863382
4332468288
5471507550
7162873824
7974741985
9083400966
2710097409
3196457019
1060241654
6209322608
6464876829
3126989535
7903152667
2728286950
1321235367
6091778395
7801797716
4569443813
9260788278
1238479884
8036703871
8853416051
6202359424
7097865764
1994355535
8352591456
1170737332
2776190806
5244993485
8297686288
7054239715
9310980081
9983554071
1567074008
5755048306
4781511020
8970258605
9845245635
5827564367
2828682977
8555009393
3770308564
5045812675
6167289782
9748845502
7291574428
8373486374
7891578528
9063198743
6779773058
7229318031
4501869130
8407282516
7786076432
1563176403
5219092510
3804549829
2390774514
1545340034
1452646733
6369420425
8001745125
3840222124
5466152891
4066549159
5602497365
5313273371
6735237865
6248042951
3038548052
4982979607
6311698416
8895311994
4896412155
4724451936
6662267396
4812154609
9395154841
2703365020
6328485515
6730727401
9161092313
8524293660
3469321433
8783631364
9570198521
9460721502
1753422197
2722841065
2774104686
6387531511
5376349572
7924909672
5525232667
1790819934
4226523950
1554918344
6965939612
4058873037
8880339667
9786446863
3026206141
2787131124
7948134929
8333714045
9002375459
1538081412
5024728260
7775331092
5768598072
2083490864
9713028293
1053372180
7805394640
6014017388
1427960223
7235292116
2862672195
2828246888
5795784365
7793305877
6668241397
4411275257
1439719802
4322227286
5248298873
9992496432
3509749393
7150787019
1849865035
6563220915
6067342900
3689798367
1347095534
5940084004
2794959894
4769971896
7117834541
3130114849
7883828287
5631347490
7329491973
9679846423
1596825897
1846713106
7235254266
7243467937
6637878390
7880960651
3248365929
4245531302
2371963108
8708072320
4585117189
7697663803
4219590975
2899323081
9389649842
8677225010
1881093131
8272624566
3999981568
5711752254
6412076380
5013006427
7547911797
9030002933
1762892156
7984328385
1289362471
6334648248
1521590225
3779763032
8539374532
5926618681
8114813786
8403289907
9724360527
4693605606
7846710460
7347024232
5649024826
4089522996
3717742043
2550690005
9949246017
3876145232
1808037723
1407474290
6793997170
6362532855
3077600013
1812783558
3948137977
4467994617
3200202160
6658672073
1309014024
6901799627
5545177213
5194013033
2057513208
9077064292
6066119918
4289860752
7160305631
4582533329
1712735593
4216596852
5953897439
2986347103
2317819872
5733870084
4401353070
7846462472
3532358116
1615093714
2962712407
2705576965
5587990016
5575663342
1732188926
1531945307
1855656661
7379645945
4221764953
8789692999
5832115668
1192656629
6836649887
3782848189
4035415657
7371234698
3827908379
6181105781
5454088395
6286972561
5731917782
3249692022
9343845214
7370039590
2158366509
2365073769
4402940604
9713868793
6961549101
7562486506
3443277003
1538091769
7419154322
2858155607
9409350264
1170325893
8987736665
3131004613
3572832931
3068006155
4722424819
2622386520
4809504760
2473699403
1699248708
6815678900
1369394588
8140102295
8759277856
9197064854
8587275112
7498499490
1888757957
1436566984
6552198988
9905471008
3337046098
8702432061
7707550076
7498482069
3822009712
5781237600
3891459481
6056702725
6378798803
6175054753
5538599490
9865958959
3465264449
6897341048
6854283670
1667929003
3561696686
2792063652
8861249152
6816478790
5348945286
9120184328
2825653360
6750467174
1809424035
5364990185
7311028053
9141086542
2624129459
5802621071
4021709643
7326337976
9156351600
2156577472
9975295045
7056644901
6288669849
2878557074
5056312581
7690951691
3051610885
7591343442
5377497291
8997159875
2590784389
3503351438
5941345858
3484172972
6020101028
2340611734
8342417381
4983516245
9364847715
2695813238
5626948247
5737508219
4880324983
3951580099
6852348837
9868792658
9624370064
5522938299
4957979462
4283116274
5559767687
5920759091
4155861205
2377315584
8559882126
6371421508
8305952165
9044718473
1809329753
2384090766
8075295951
1184390632
3743514481
1129919189
1680252686
5610410762
5967735479
5322037027
4139169254
5147327666
4004543194
9627663351
8939866857
9885692609
4831932426
1797065643
1424579069
8715048941
3207598222
4376072773
2133469159
4088419598
7545278667
8028013340
9004475742
7150892617
4273082956
8145165364
4726631055
2686261281
7917883405
8639626589
7757525257
3390307277
2237193659
8041052778
5015026266
2666237727
9399575459
1889067808
7452885578
9356680310
1654604215
6159276414
3281948949
7279781584
3492699212
3295609155
4216501540
8213821378
2664093809
2934180144
1869214781
1003936602
1993859899
1219994735
3651853972
3474685551
8716388590
2723370322
9708921985
4102834120
9990191753
7415694868
9682604888
5213356479
6405782226
3960403490
7364115413
5918459566
3799674878
1552197925
5648781194
6880237260
6327165488
8038828324
6356636717
5820582688
5053403585
3253850302
2128585121
2599871311
2439443400
9552820431
8549597438
6633938181
7364858966
1199978094
1418398661
3520833197
8539251031
6727603306
7957316167
2999933495
6671464256
6773086805
7316833580
3447079387
3570289133
6602269109
2392033492
3970377359
6262564655
8212246357
9020330564
5273744899
4170883491
2974645348
1724857864
9589983067
1550838250
1115264002
7041027850
2253988576
1596058987
9475657086
4901168159
4971149056
5355619923
1435698906
4958802619
4611099070
3258631805
6570057118
1062511410
4551871451
1203311284
3400621104
8518841891
3248378071
9667192536
8494507105
5058886815
7946249088
5515890005
4034766635
7390419597
8323450123
4392039460
2874621494
2843656777
9401239072
2176085188
3445034510
6816813221
4108425937
8730834953
7799642122
6440378309
3571976006
2032412897
1469103532
7787079632
8103705532
4245796980
6513641097
3554948503
2188219863
7035091479
7801071212
9218433471
8483126359
3071570962
9478172999
5128590873
2026491796
8584126172
7313590310
8011918584
7873074979
4943710359
7852731365
4933001153
1637620377
4113157919
9603561882
5705869010
1673505518
3758167476
5455744249
6409789980
5556982839
3764827829
5237907081
5391486605
7817703694
3784825033
9357257453
2910615535
6945236536
3584776856
1404073252
7714349519
8427204776
5050985522
4735460285
9221284166
7247605197
8380920559
3380154831
1246521889
1121283069
4323789146
3125894030
5463569763
7283048827
6474354618
1550502544
5550050327
8642883962
4018228454
4165926970
1616104872
2465209423
8268541803
8151418345
3977293740
4133785794
7033712404
9888809467
7362563904
2929955910
2833899122
2608737146
6935268996
7653343289
9538954213
4996686531
4694516422
9669495873
8893878900
1323739556
7151283005
3288736289
7981824167
1646796102
7984465680
4640941877
7239130091
7242631898
3736819825
5315103977
6355736452
9880478012
6366675617
5822293057
6483287492
4528210053
4505320136
2690162386
9110677896
9366495987
5955677718
4099943033
9997900877
1727912169
5833184361
9412633148
6725555792
8345955360
7333884417
5122992832
8554429518
3654219144
9610963086
8050953023
5084122070
1933257146
7577782127
1074459159
2733077018
8032062056
2236635584
3798587344
6823372673
1672387336
6871290049
4266413099
5269413526
6062657069
1529191351
9070331082
6523617114
8807343562
7774969539
7802635364
5375565315
2327504492
5842645586
6711884496
3655639708
2623286354
2872809739
8516369777
2561726013
3215079657
4620367932
4761472004
1532563976
3213658606
3683141266
8834918113
8517490247
2077128079
2828741818
5087197707
7379507502
2698291562
3010979933
7833737543
6725587685
4416805749
6593231326
1679306174
7786057460
9375260280
2208124410
1493795278
7415493366
8525935988
4494395749
5283932709
6865657121
1833520812
8679348908
1480381934
5118313873
2010360632
3936035271
1127282346
9512648058
1912949436
3283650829
9952262197
8128619274
8777974285
4807610090
8774053543
6184740577
1313541656
7745590330
9435972020
3976803220
6133156187
4826597855
6653155033
9232504937
3685647149
3690856063
9851287713
6469526279
8966013035
2546727863
6867417497
6770164166
7700299775
3070262976
4615439737
7416364485
2393680341
5076282222
1834964666
5184554961
9593083927
4162079622
1229541802
2577006013
3411185031
8600786514
4240047173
6225218612
4305241919
2802475686
7482054379
1979494375
1814484791
3973844861
6465773217
7778149800
1899492742
3307739550
8131331569
6331864061
4905789157
3385309427
6975265470
9163050569
1042083801
5737515172
6223590779
8624983193
7297310140
6592035878
6544776661
3728170333
7852063638
4932513307
9198332608
5981620428
1549829219
3143595509
6307108791
2625966249
5437156600
8555672405
9690101467
9296547191
9147731598
9926457928
4722938217
6968607799
9170313482
6469059076
3836509006
4965325718
1465272000
6364826883
1606704033
3180096077
2591328956
6026211221
8769559385
7299313542
9920120574
8000745053
5405916026
6444232733
9085654115
2291131465
7417440975
7699245840
3201150832
1218796697
2168939820
4237723559
8014646367
5929392654
5830241215
1634861471
8718996052
9375967615
4774815384
2784942150
3871694631
6690566455
3504900509
9553741361
1151627026
6533158149
3612891955
2568863803
6208307111
5758923996
3625212817
3541648738
5852426650
6983444792
1699097147
7470079696
4959692448
8773821385
2881270853
9842120326
1798135491
7826697915
8185900967
4019878861
9061463961
9921239858
6489181526
4139176607
3138273007
3601315188
4277650254
2048762823
5726182644
8243039345
6758589094
9597419364
5039153199
8653993049
4667100440
4009236371
5295660326
7867273725
4278852769
6049019602
9200895342
1110630585
4319547831
7436558494
2339608374
3973540852
4496763520
9295425522
6501088216
3767407701
5487041538
4486733897
2477313936
1038189988
7939725690
4581701748
1103976128
6621880286
4838201105
1098709989
8008394488
3793489926
7494818008
4131834182
6357796613
7477156731
2793081752
1628662933
8533681252
4741830084
9217191342
4336712326
9349133967
6619214852
9321494009
9911394807
4553292867
6804830757
2028440663
7972172231
4282400795
7623370877
7243196399
2393795208
8402121445
5566253798
3415191517
2770264692
9085271964
8855813577
7187639303
9233765934
2885584301
5907391887
8390644179
3137215198
8077237358
4503575172
8175895918
9189420588
7015409805
6088786723
2645998159
1966425969
9137919626
4734882115
9130868954
8469895161
2186565841
6008485853
2854993026
6309256007
7033260555
3878759709
5246516343
5921969073
8027089964
2743635419
8128057328
6663195172
6830771517
3213004519
2526329518
8987156208
9636468227
7009561279
2172431848
8361018486
5417690195
3662150194
9274526976
2266656344
6730042808
5004364042
4262461824
4519281821
1512404412
9133195055
6748398318
6353767043
3219206437
5770387115
8506476268
1709884821
5133890911
5929333527
5401710519
9240017295
9317831862
2235697956
5216424369
6125715058
5824773588
2534964115
7480999016
5143888033
2493069809
9940072662
1240269472
9301196383
1268921179
4477106448
5147784236
4246949148
6461910879
7618760851
6365058043
7997678665
8390410378
7826527728
2281880968
1586470384
4726793060
2372187449
8922534308
3318599466
6302055338
5479264400
1382769712
3968018474
5479718881
5444312012
3582401689
3799354642
2426868709
7996366372
1165753272
9817941780
1075610390
1467113798
9608924827
4122871765
7314926453
7181389056
9163707032
9016421666
6265515156
2183510923
2185028802
8863392423
5045226659
9949855936
5104130959
3058805992
2567364206
3457356646
4003638323
7622031956
4522720899
8582244144
1746388161
2737655183
4645445431
2788848367
8571970243
9265636165
6207980551
8606982308
5777795399
7436296806
1165391188
8334935958
6343003477
4202103568
3296871896
2461307603
8022917618
6209394532
2078787134
6393814423
8180680018
8291790395
9592075024
8980189955
1860844042
5422766749
6925157672
6745137253
8568159914
5572818475
2496237833
6902660002
1445551725
9359192702
5123656685
6499462332
1118118021
4523794387
4860641791
2914965795
2547801518
7038766790
3318725356
8474535207
3984934029
1748385809
4970427324
2764006935
3946155257
7037401185
6588329417
2078386378
9075886894
6895867933
6210080326
1058642162
6223207651
2036305031
5372025057
8660543671
8499464543
9991565497
4062637038
5404683874
5577128937
7091775139
8202743658
8550849888
3051536485
7269707980
8473127353
9955657442
7779973979
9418495480
3130262100
3968828646
4452621098
8178695420
9437566104
6227416221
2937225006
2929263641
5041044601
3767783587
3602822439
2145420731
6061850097
7245753318
9867844202
8795511021
8737420255
1508427435
5961551075
7042000203
2272095801
6479931903
7866449726
6175788337
2004010186
4946235416
8949624540
1398722304
5296365852
9322516453
9751817760
2083231757
5824453570
4799281321
6238784438
2126935591
6404464397
2870856864
4076219673
5557774390
3073356147
6577382554
6061025744
7278345794
2053858030
9634132174
3164333117
4703498924
5790488157
6846458187
1561637916
5237903838
9915664328
4950476522
1896687865
1118983098
6782606475
2780179026
8565911572
6495762466
1281546873
2340456386
4949553403
3029850141
7487781226
8108432271
3788934948
6101683324
4159914222
1220455334
9930222584
1197342525
7701150730
9338205184
2809239677
3379147851
2797961242
8696048500
5884464660
2156458590
5829147216
4168093407
7491784970
4998661037
2332806706
7884512136
5014773952
4572624843
4074608267
4986138159
3056991958
6908706223
4728817161
7610670936
6732627787
1239796545
9397858936
7259919271
8751683961
6446825268
5138885666
3878361255
9309960250
8489130398
9495536802
4385583740
8335337327
1273843959
1966859288
8640059275
4566958361
8262760643
3221993877
7659928395
6396344508
9618652683
9383391478
6602022294
7577732824
1761707265
3860946500
6463619160
8717444701
2357728553
2204487749
4478134313
1918622876
6997499623
2979278501
9303999172
6109547157
6126289756
1263927837
7747641827
9775232307
2232193927
8619770084
5521642009
3255809918
3698448419
7309943795
2138216432
4902063819
6397222872
1295044337
7322534856
1168157777
2736111401
7010232117
2070065011
8175547119
6781963894
2675680913
6764947956
8591450672
1420851325
1543787155
4777657230
8604179218
7006886525
8361715219
5661310726
8909646679
4823641975
1931172681
2351862707
2942618717
7494052345
6325835567
1556920290
2415301177
4375809283
7716444165
8035283343
4616671205
5201041191
5632942773
5819810918
2203650038
2358195248
8545920513
1393911734
1248286807
5688322079
3129264755
2403819068
4325944976
2508315497
5199916981
7583893458
1926338946
1607098039
2846980047
4309083079
8957250313
3954105799
9569174431
8934073408
3899926667
9195545551
8070252688
5365461342
9518688131
3639379822
6861385290
4101098317
8180796238
1072729138
3491944897
2784037236
4753964443
3084978686
9268557984
6736010012
7401314679
7267000405
2762084829
3179157898
4362789116
4214760468
2606502729
8765115731
7710786912
5745914630
4674972035
3653588453
8905853503
8524207007
4825419330
9274912694
5388445144
8324548612
3585665233
7941260130
3859298678
4393378776
2622175976
7561566430
9652054575
8484619319
9094203632
3905278884
6018526604
8223965963
7815747557
7627194802
3270365629
1992017752
5757372102
1826200813
6129241128
8439297749
8293961601
6195835178
9193902525
5267301661
2239721199
7628912964
2420289827
6511086541
6710586369
6440274454
9617893451
5795268220
2703477122
1195701775
1509752974
6082983809
5256717816
4782016343
5845878986
4000175769
7735966890
7015635917
1214472156
8695844608
7152742773
1348714451
3141084325
5146114275
6093317247
6841326490
7271198986
3710415705
1308240700
3013918343
6574405821
8180136009
7008411197
3987297168
5956715147
7127880631
8398852782
6421128583
7747754471
9112313881
7400817493
9101556883
1021696481
2504025139
4670863783
9155946953
7055714112
7281249826
8385210682
1079585011
2946257474
7850181286
6928458408
5503141114
4005509227
6697439021
9324025719
2224584678
2175285398
1217497319
4779270592
6997264071
4731774639
5054789851
1530086318
9643433239
3611318106
5027694016
4828975559
6111032037
6157791386
5007562000
1601249376
3279583456
8481246474
5743227280
7548462422
4058111565
7307739828
1297281699
4735795524
4772842905
7911974105
1935375419
2598043687
6192497468
8382718555
4718588259
3194333150
7613591841
7512907331
9752621463
5786915332
8390163318
7191897192
7589894424
5403331655
5329759495
6324537083
7193927720
5626148115
8445722225
8119564856
1096275360
6924451091
2594012914
2897734919
4117333061
3579785105
1755103525
6129447255
8279397634
3352386707
3428932766
6056196862
3676186134
5242495633
7276988828
6249672544
9624597434
8055833933
1988537855
2579137607
1634737114
9169628508
1023494623
8462541958
8511957438
9526578594
5882023142
1333846401
5140576218
6924512680
9833043678
4354491301
6610862008
2718746390
7642099179
5065084487
7852314593
2719568351
5411435855
9605411581
8216726905
3941592089
8708263776
9439635853
4272153372
6632273161
9000079536
6263127488
8666907503
8595447052
1695980246
2630919613
5180462445
8870267242
8669122123
5886879266
6457431661
9945552109
1180768620
3558008970
5855447003
3386090623
9233726702
9954497214
5729222745
5121964172
5328310472
6152854613
3994251257
9392594701
9907821988
4643081805
4129846003
8488803115
6913307192
2724204379
3843796416
1214613000
4741035837
7137833823
6219287173
3125500995
2959092575
7408418080
1442038958
3863138313
3256027127
7926174347
2822642924
3012554840
7973765420
9099985685
1053429687
4693942096
4107293142
2606579012
8630318620
3699626213
9361486362
7045838192
9097362134
6573186962
4853889633
4755706567
9665504240
7240044841
5858562449
3260190081
1407904386
5795106526
1878857291
9494608003
5473779068
8279727309
6263089338
7021237803
6356539565
8426321910
1475990110
7715343914
8386609902
5970592778
1476095878
1808666971
8388508527
4920705539
3193992384
4867244759
6282311596
8923551546
6447877822
7674554469
4714715713
6967682741
8425930796
3555259293
5269251755
4488955729
4393840975
5943007953
5649919052
8607210463
9301297066
7861561153
2751534216
8075581517
2355806851
5179035406
1473253478
3835679728
7011692233
3833146484
7376407467
6122962745
4291223256
1600000608
7708398629
4402090422
4802158964
8673852663
3084577533
6848217133
5201874730
1163366923
7868871421
8097848059
6679565359
5992296076
7715875234
6547291175
2668191686
8638443642
1314809083
1975182077
7170137309
6567419320
4316363477
8632933260
3653454323
9484669992
1350207880
3341532381
4086089087
7942893968
4619587941
7745850094
3904868414
6146114717
5177094468
4713643173
5379069094
1727467549
8649230503
9600960302
2254747065
1794487696
2535838108
8860687414
9021377951
3435963166
2330236227
1495776304
7278653164
7116457713
3159040453
5107680684
6174306958
9382752227
6939189296
2427829138
7731402440
5879715373
6511856851
6633347889
4017885083
6912850146
8842448102
6059919362
6695431090
7204797497
4068577415
1368210553
8873227783
9409909698
6044269153
4959177620
2863539187
3869200589
2304068299
1104286530
7954826007
3013173425
3706669163
7134416883
2240952693
9750888036
2485513646
9466372588
4572018295
1808837341
2071739760
4989623116
5431251724
8025005066
5509274360
9644182170
7313544522
5146031353
1015337000
7280014408
9242639567
2177491301
7214909791
6005789834
2578213546
4817228842
9686594520
1013814649
9161366078
7847181192
8145020759
2170628200
1696350877
7662379955
3355247780
1383952613
4184814893
8748443254
8676925304
5732930649
5357046598
7342614429
4907928418
5571511149
8773862385
3494302662
4526522648
8069612840
6141076982
8445438081
6780704955
8330597483
2793830212
5152051667
2751338742
7074056429
9024135557
1719729939
2313615252
3660063652
9211400866
1068134301
5641881798
1509237501
5473513169
9057663956
9801145501
9717896455
9231719317
9410482322
2103168994
2710278758
4671960190
7741764217
5372615034
6154525802
2315236197
3159621443
2952363439
4070310889
1881468552
5119369891
3982500496
2477727964
5974151323
2023417345
9176569241
2929120407
8193851351
5386377828
2140924923
2529982304
6409469721
8388093676
2039446957
4859903902
7708468767
6071356453
9446880112
8250147725
7788474247
4340170915
1505236596
6402868040
6024630363
9333052895
8653753091
5522346731
2657750729
6209488018
3536160741
5579090063
8534966740
7599095991
3049795823
1647237657
3516986729
6630117243
4459787849
6495597273
4243871896
9688651885
4051396238
6755860946
4400395896
8148909993
3687038925
7589382060
4644900407
8211918025
2641688988
1284416386
9643868834
6563441637
5160158671
4111873276
7998742484
9044281395
8446917799
6216587626
5026615132
4044124514
6112554440
1833956776
9398440918
2268010835
7324529829
7442487820
1705201775
8463305071
4426548747
1766748504
8635823870
6583584660
2631364939
4766656573
4051079604
5154678290
3542351243
5019679514
4315857459
5479187733
7387409733
9193600775
4157646667
8624700204
4055310371
7165874062
6179002854
3530130163
6237774992
1558379868
9072893372
1092768026
9370736902
1479700298
7030783331
2887521896
1428029138
5048317796
8715610555
9927783304
6639547364
3858869112
9295251352
7201750589
2453739995
5697019985
4385398453
6516995604
4419102890
9647043356
2467302118
7395699682
3343752980
3003350325
6779790533
2609478864
2144996450
9396818268
6812769103
9363510367
8946395599
9205124812
3011871157
7748780132
8889868769
1300437024
8671601334
4609369968
7254590502
4944578982
5978245914
3998059758
7874585724
6572192389
9672309159
1651163853
1333671358
2702332714
5578272950
8723097134
8173694396
9473884017
9623393276
8321029890
3467658975
6068483747
9084429408
7275799874
1026377021
2710632718
6814979012
4724183754
1010219580
9252186227
8765760811
4761839743
1414123106
1865964932
5086150128
9245545902
7725698875
3114728578
6167125757
4251454772
7317028135
4827199316
8891961795
5002290512
1355495964
2078098122
2942847994
1874241198
7531055131
5587650415
1578321874
6719461878
1507832142
3723334369
3418085006
9942370958
5681946718
3523160509
2832026574
8679118728
1088091389
5953058785
5143480074
1992060350
1005299774
5972495872
9676833004
4387563744
1909146366
7777795493
3881197028
6926595861
5017940206
6078188754
1132282204
5774354832
9860830436
5993076223
3787311745
3302699896
1755829072
4247856730
3936882065
3960850910
7001278942
8600184473
5761927586
4369394703
1911640800
3171215976
2625758491
1199964959
9559521193
1741958330
4874515728
3031697224
5054760952
4193260407
5707161875
6950265049
7891851366
2269177639
4102030950
8374008528
2949044970
2551824470
7065337897
3657912982
3137092532
5358076981
8690666311
5510256328
5342156801
1122220918
6636591385
8830155250
5276135853
2295794014
5333924293
9168262297
1881976016
4207750245
2742225452
5181448284
4233312887
5402742104
1580611011
2074171074
1312411235
3601460007
7350845960
8387864861
1602304130
8830063131
1157328288
6426107566
1658519658
2911235668
1070691134
9801800625
3930713750
6681626721
9696298832
4314645437
1163834662
9436347985
5744165718
4292362738
4115405919
4532190090
1599185951
2751306036
4313734237
6914664486
3907127989
2908570869
1714164106
7173903455
7465439380
9527171310
4877592740
1850131647
9047636355
7016457205
8602936159
3292018169
6266908730
6623234735
9106350342
1629722466
1766977274
3526352454
7592432347
7149643772
5364904685
1235210450
2943502425
8054744047
4952643567
5013485127
8003464903
5407469316
1328855512
6762030904
7730765933
4197554167
5000507451
6463462786
2209594390
4704461833
4364655229
4023945692
9728506457
5718748003
8105208457
3286682297
5301845323
9461362747
4485754964
5285564738
4314073689
4110565285
4986618920
9787180603
1480301594
5560542896
9433020266
3168149692
9213801792
9312128052
3021422800
8901186842
3225039819
9943274958
3000650856
8059225241
7950439470
5816727490
1868037402
3685535301
7530645007
9978362079
6477272174
5981471844
8390696551
5114433201
6015332542
1762605871
3803377110
5097940281
2166574271
6930582391
4771553400
8558511973
4157821275
5142495590
2609685142
8330168752
6294654113
3266640277
9784569374
7881897652
4736294086
6397298819
9415002604
8351954365
8314513694
6810227410
6326032546
5343122764
2643018439
3232771169
2873212718
7285650722
6085676965
7690383341
9630676378
2961125300
5763764847
6985525684
6459454982
9574149222
3284288188
3210561978
7715805376
9391972007
4429297761
9805817530
1696965125
5931389187
1422162301
1943793999
9565498993
3418943432
7599216803
1098130847
5414589823
3038008468
3699471917
8802897183
2510571080
1479569645
4571246641
9084135232
3475656306
7360274882
4504033685
4965074681
3519315568
5763906740
1251517488
8376573316
3556882327
5609738852
5917412332
7184552400
7173056938
2675110709
6003017015
3163713352
7598086781
3417131599
7589661818
3761688664
1750882098
6159417792
6988194912
6119996974
5848816256
5299349779
4441653095
2100616621
1067235919
1311660886
8885652321
2252853108
1857237779
2612389006
7421543304
2536453883
8817866615
3595762877
1945126574
6481570037
4851546058
4863444652
9374168246
8461865556
4208122765
4267997391
4257115588
4876198116
3211656135
6317060940
5305203225
7034989759
8624273931
6464964177
3280498111
1080363610
7311116503
5813902759
8878832316
9861556926
8780337948
5240828922
6270136428
2440335091
3907754050
2987291081
9765296989
1999946850
6839200744
5690407167
9595423655
2798714029
6014542601
9939269844
7324352819
5062939565
4089188440
4773270788
1616684363
3919193280
2615792793
8511222173
7776705510
4096927450
2100394004
3314905250
4349668188
9571944786
7130627360
6890155617
3316061019
5851871207
2026250391
7703914170
9431911427
3324304325
7987558846
6939837112
2615499591
9669602368
9742629057
5676160634
3171287919
3463121562
6936265297
8621102776
7969965749
6468172386
6496674562
6517454969
9179650441
7697730041
3878111350
1393913586
2342611942
4541275394
8284553759
3025240629
6044641478
7573160433
1618510140
4955759425
7320111285
3550210257
3007654596
2208053394
8809914919
3894239166
4434312083
6802771198
6391543082
8193032695
1385513755
7573165408
9606616332
5164680906
3283601873
2411964578
6491971249
6574552523
6252670468
3903715969
3033467108
7833296605
9651842478
8021407553
1257390197
2072797835
4380330927
2186109296
4734953345
5263630782
3524409508
6077303253
7537855046
1162331894
7819188478
3948486577
6222551667
1040060792
2060103229
4950701056
8568041317
9533139662
3537396820
5381964227
4539350210
8511503021
6102700505
6699244126
5434292520
3432556465
6033871394
6714266232
3142640888
5761242961
4476959957
7490159323
7294256187
4965156306
6280843991
6276979169
3406361498
8126526881
3783799489
6021836642
9736400214
6438593772
7302241652
2610561629
7120485364
6081401230
9659210944
3466486386
2127829909
9607676887
3194033296
9686073179
4961325075
2587031641
5638447018
2346611153
5602921128
4234598222
5568694505
3560903922
1685334485
6210162696
2998759968
3462919237
6755806244
4117213770
7090879074
9909301829
6607792872
9028540883
4374668793
5555418535
3063347256
2949206336
5450987493
3758738319
7032931889
1779901723
7451612024
6758163862
1279871970
5918914073
8191203527
4776955048
1105162599
2645128704
4949015246
1308799810
3212283991
8613339167
8314658258
2196458985
8374796754
1170876620
8298784322
9416501792
2707255937
7050927629
8286910564
5946657244
7733309822
4662117495
8779970318
3330264672
9599451499
3306958538
7789893905
8437674476
6364506550
3174346179
6075029938
9954318321
3790741082
6390537408
9006050611
7898939347
1192969810
3444663730
4447613625
9038003799
2795044518
6119763823
8373831760
1409985100
4398046712
4048692972
4203635385
8898548237
5377607798
7658260105
2379573115
2698319413
2411106581
8310277490
5615513071
5753236029
7903231498
6713849477
2459939949
3081915283
9904427599
3425389855
2073428815
1093328991
7639031931
9810946487
4581960156
9586354128
6097889090
6233390750
5360171394
7470296006
9149722822
3419328037
9280951651
9919073544
6965364571
9574361900
9248845529
6302004451
6252895459
4475218663
7410670551
7650955033
1003738188
2952991969
4802455854
2681305146
6769669505
6365423786
4437849297
9654642044
7200709233
7339122846
9443254984
2024209920
5012014589
3161618223
9002783537
5239385680
2520972053
6318592832
1981699378
5297093148
3068420495
8185689302
5173038339
3449050230
5122850775
9087235881
2042310476
4004407483
1130747682
2173854975
8917555206
2663880992
6926684351
6528868190
8496771949
1498891885
5918959361
6397083227
5110299192
9426787998
6460636609
5250839619
9971670479
5449849951
4974253293
3458816570
6645290616
2622833148
2677524468
8263051487
1681541326
1226464813
3627123061
9366865335
8377775923
8087412737
3169082906
5985409905
8521542229
2980756347
7230911808
1981179581
1516577861
7085962188
8999503554
2741317583
7707213451
5766092622
4010227745
8753896496
1760118440
4369369616
1486755215
3086475601
4192494649
6450062282
9488895158
5553979194
8133846497
8493206591
6342179333
1249733968
5687620521
6520337615
6748049813
6603141353
2257496881
4624425290
6591699769
5252614407
3588311673
7811428557
5653151403
9951991947
2709354227
6891429933
2056761516
2889140091
5562037922
6076097995
8205480881
7112536542
8294585664
9279396255
8684254949
6186030554
2485088306
5374753064
6683184876
9335152512
3987995283
1928788026
7880873857
5372129071
6128766803
9969772601
7358695545
2145319310
6986914068
3885362614
8478047827
5610223241
4220507239
6440383517
9683454093
3257809849
4760754919
8040760520
5182725649
9679479996
7877149416
8559203080
1431575958
3349052400
4200272227
2313821670
7927055837
4162089246
7943292890
1022636621
6511364728
3241641645
2725680443
2956431432
1871745293
5713968149
3348475128
5328800028
9956882751
4845024777
6307552148
4130084332
8031317001
7698671235
3849122229
8423880532
7400664429
9627740733
8108136092
4798905020
5650639245
6527703047
4245034806
8797078895
7119802277
6599959287
8965396264
4762033350
4496644254
6723443926
4641325540
7684967272
5993904059
3498167113
9295637902
4627246165
5601802056
6817747011
4110240162
3533672964
5563018920
3699055349
7493447022
4632487784
9881196766
1916024308
8015572475
3024901406
5665932353
6229505048
5151894570
7397313002
7831519893
3694391985
2839511951
2142010366
3827943284
7582144941
4054645918
6649296754
2716436148
5466902309
2295555081
1490862758
8814164375
9823190018
7517116252
2283973501
5171346059
7503930994
4995043323
6146595608
8262865518
7801495276
2773507827
6401359576
6718582238
1866363913
2183104856
1093689626
9692932219
6850195923
4971540129
9963878071
8525495893
1605702303
3773503885
8853956418
2046423193
3513499423
7711900838
7539759653
3069640795
9107965046
7583998198
6146382445
7081864648
7849276012
4367542655
8643502468
6006737163
4145889707
9682613845
6078438998
3066656404
4363010086
8679116327
6640321845
5130821765
1387414663
3604743680
7351555094
5306645328
7263767194
5023658044
2304639870
1952866682
4484946469
3728698231
8626738882
2197870096
1931817411
1490026049
4532897491
4612507586
4322703602
5391292247
4532579330
6240674904
8325060898
4515262378
1468144163
2927922323
2856500959
7195259732
2084490235
8565884852
2676071859
2817177820
5078427390
4215654993
2332194486
5964699957
2967666928
8867566619
5509701847
1183815194
2868166505
5169514645
7643593322
9718056706
2202551953
1457492248
6364683560
6378475524
7822099191
6110357181
4176682093
5255465827
1122069999
6605033801
1682414216
8224563819
3855456114
4494061855
8972330928
3519873532
1453225138
7094170134
5505145629
3115173692
7967083831
1407781222
4003131570
7471163511
1062535219
9018156642
8014227612
3941189494
2128282400
8269846111
1239711155
9583586559
6846877242
4913895442
9923397851
4002639972
9538739941
1625359800
5141303842
8380431801
1077757432
8176831314
7369263670
4364993777
2332371867
5516358347
7575968520
9101916258
5541861865
4408251713
4808017585
3559512898
2415934300
5182392728
6474867805
7219121897
5692780877
3509686324
3695495190
2045197527
8773099748
9447991945
6178566572
2387517677
9682650562
2447613715
1774893502
9991628050
3963190371
6037690063
4664636981
7665608145
5795286768
9304396117
6807591486
1661024709
3797156108
4530741070
6237372974
1534171871
3328182665
8833836908
1059384767
1895180658
7253143473
1235045388
6163425856
8724716752
9036759212
7008774704
3367747481
1518186458
4114492484
5606019691
3180087260
7249894849
9416192533
7436655742
6088415344
8503748556
1302768741
2760141252
2929001489
7648376772
4824148828
8387983458
2782373345
4508044909
1374277406
2086792085
1646452173
7433328487
6703101774
3362346352
1329126650
4682570494
1597403877
7643068325
5775385274
5433321823
7565670810
1395704799
3043494471
6703665511
1811235198
3373061044
5379616755
8236616136
2644870740
9606492303
9983696253
1641022633
2918972960
6310470737
5299223984
1785089814
3421446367
6161087929
9314978117
5356812144
6281277220
8595866034
8124199839
3331248885
9439339874
7021752065
7890604522
1536479895
2485931926
5843090865
4160949058
1312301802
1236545043
6947064312
3713559217
8418150613
4973344474
3488790188
9723378590
2256520923
8074599424
2493475093
9392617585
6928263187
8699645671
8407846361
2740122468
9476339679
8094823338
2374393324
2900966754
2268341679
3361442632
3448799983
1127859664
4455979042
8121176773
3283910055
9233701881
4625924298
1670520938
8290621594
7037974005
8371359129
7269823696
6605827954
7730254663
2013961865
8703408485
4236843899
6891806886
1135773716
1855446119
9244602216
6875950828
4685443025
6182160233
7723060303
3070342098
1555501016
4531751187
2120438627
5310861017
2856373127
7377609940
4241756719
6035067878
7345780215
9672788725
4726558405
4738737313
9964198199
7313355430
1306453271
8479381603
4860759067
1175889630
2548708681
4751740799
3317808885
7406746676
3046161247
6105936311
7793920656
8620927842
5865612210
4976795350
7126175734
3434865614
7265890177
6439066716
1404476743
2241733518
2377772564
4206524301
4168178746
4135657883
5790991836
7099201506
6210436111
2485412863
1704119639
1141996145
4935083369
6044377883
8460702483
1094787160
2179205714
7141225121
9044062725
1646752032
7977646864
6009848446
4736372289
2277727822
3304650579
5064498283
4855611126
8297601204
5523398243
7894201501
9146649497
2736831346
4480461755
3394190214
2965249725
5347563404
2302513840
2583711196
8552118387
5446601225
1083313336
2701504155
3199761191
1303873063
5202837184
4229698332
4381897684
1082602775
3161486258
7630862274
4642510096
3935633492
4569822994
4313768869
7834158054
6526397265
5586858571
7187715128
9694452144
2694118942
9590281100
3936525196
2527644615
5543496935
7236291276
9618176496
1432848446
8625278727
7171859302
3599823799
7165897526
4033675764
4123908115
4706321445
3944062006
4384183420
8908351309
1381773454
5756254921
7540706393
6608678141
8756319983
2625537294
1240740419
5592312600
2209676402
8373447117
6482344050
6033165105
4409699816
3573659459
1637826212
2970305603
8021344732
1371304627
2997434200
5204861929
9357962842
2240140113
6864708961
6241810502
8393673223
6336813728
9429153066
7631958774
1720207594
3334541118
6567229958
9167874200
8138308629
8475723335
4470587416
3570498349
5189178421
6084425568
2343373106
8917713528
1961673808
4282874377
5661999772
4659360564
3557347297
8748357494
9691017196
8573400332
5645501557
4731555386
7361552900
1073193039
5330803224
2447967793
8224187006
1229966509
1795588250
2651537623
8579920691
6324752734
9271497627
5365751552
7410559985
1977853686
9080342334
3164542560
7301084543
2099258828
2403476147
6216678329
6174305308
8845946519
4724557094
2728660328
6086312762
7173189021
9508020409
6715980529
8686435644
2659167684
3069689667
4251323814
7276569585
3924051511
9176605550
7697481412
6355763738
4063481604
8110831100
3280006403
4252912901
4330454876
2242417239
3785045515
5194573115
5655298523
9787148177
4739748607
8088411580
4903856698
8094639479
9448242636
5162358705
8805381236
4114294128
8822807029
8220980648
7683174734
4165358786
7887737633
4765799316
9742315445
7616269250
8138274687
5935366091
1263501836
6812663917
5436050852
4982616063
1449113345
5845210090
6261855334
9376884077
8000329895
4961570547
9327596758
6925694368
4374477300
3672112990
4304682103
2761184648
7470107023
9746450016
5400273619
1531791814
6168786284
7995169802
4214170150
5439691418
1061673344
1860204601
8580160204
5678902834
5271173295
1888234943
1838560949
4112038630
2942806976
5546684461
8061196726
1483473015
9447826170
3640306537
3733042354
6157862085
7399570617
4964137306
3277504308
1164613233
7432705778
3891525078
2046809422
2421113924
4394378305
2729816841
8041764541
2658426093
5616595912
9878689207
5018028696
7834961258
5377932241
1970841163
4847047414
5584487534
7953117510
6459817100
5814841229
8238333451
5500002928
7382816790
9897926366
6064114745
5128924674
1120871949
5275154845
6439404286
9902373328
2176378092
6610697906
5983437951
8835656492
4608506480
6961395761
9951788203
6997107937
1211507809
1595912055
3964684990
6367446141
4745677723
4186834216
2970873013
3099860662
4078466793
9515860057
1337948917
4299374035
6516267155
7225322117
7137815063
4232419137
5835134687
6773784614
3002514463
5860550745
2985958114
7866707426
6338791387
4693796568
6610781561
7009579149
8582968168
5028951055
2727050223
9824858020
9091563991
3049557721
5292987967
3902000057
4668729288
9160359915
5353681937
7579548851
6813256864
5321327271
9253807465
3150410528
5011551546
6676366964
7042568022
7948146346
5994065770
9247039199
9200648331
1292701045
1423502925
6279831506
4936702974
4171813504
7818382782
5880098069
9680901675
3333148333
7450014987
2139383060
6445011045
2236753522
2980419807
9978913953
6203994669
6694179645
2980230890
1241580459
1976653877
8518930032
8317856638
1106493982
6601958381
6556788945
9175711824
7819812668
8639977701
7012381085
5918503434
7584357381
8932681661
8257142595
7211880547
4397233796
6762880097
6912302595
6124229361
6710602774
5864263502
2807078712
1985462246
1893761719
2051519211
5538671904
5220919740
5386542732
9753941048
7488274231
8701703996
4905640122
7956839873
3602069097
9926416305
4921626553
4136535381
5308037133
2782351558
6215740663
8799425956
7073283326
6683312183
3085708884
1535166950
5431190491
8487971672
7208007155
3536107231
4119297330
6494857460
6342370547
5432484460
6199389464
4016870212
9003226398
4294600548
4622466640
5818979502
5033000555
3700331975
1160993941
2411044331
1381656688
6453435896
2825677738
4604812639
2958831653
4072304755
7120336225
5873483821
1812527174
6179202349
7064930316
5809400427
9736423022
1732977431
1979003975
4058891250
4174076671
5463718259
9005620360
8263340404
3114186759
4395305689
2546431901
9750159969
6221852314
6656086781
5882376976
4733655754
5103970996
3893019429
4315243351
2727457590
6022849778
4715110709
1176467502
6524560768
1287949091
9422627330
9536605177
6647443858
9648339113
6864286979
2112881440
1996424847
8877823856
2116709418
5376534539
8468618531
7100967378
9330161483
7583885787
4851887301
8114856643
1292712016
1599583369
1183517352
9519144416
4415522431
9177112250
8826395925
9863496720
5156992527
1657181369
6847036487
8498997649
5729876727
2227762513
7371342626
7247963461
3530329999
8912982232
3122353011
7812006394
1837855175
4020504642
6101767994
2649244584
4773226101
8920416667
8132287521
2468048671
3463761907
8979223636
9348023965
6972591862
1287720929
7798085725
3078532104
3189294061
7842618259
3854016645
4999478811
9124507272
3952783857
2950444624
3735899228
1524882564
4672606020
5002775357
5100016752
7585572056
4095236158
5828536737
1225531050
4997905484
4084664762
8664500474
8371343413
9134569085
2480229980
1106080014
4688421141
2160576811
3278999476
2914354834
6574902826
9250032275
7218841122
8577294174
5647749800
4777589213
7373476879
7269913446
8328481781
5449032971
3234414215
4864361886
1375544893
2582078233
1327011570
3525847233
4081204630
7627310446
9553385818
3416236379
5456915335
3257528592
8054203280
2708215718
9863562010
2977727799
9814316721
6485248962
5846093067
5651034902
4721629771
5761983272
1437930424
3586625995
9445748417
3707775273
9832560557
2880738387
7057723924
5730266919
6076849974
2313117708
1426746407
3400005417
4508938764
1584303101
2910051761
2347130165
6126736145
6854443117
5538405981
1044019080
5620970936
2938943535
2461075663
9034486828
7457620821
8386618631
3724702953
2745925069
4239604939
5070455846
4205465670
7617475328
3122475930
5744141799
9810300385
4269541067
2592199907
3277477304
8643751048
2289265044
7192906223
4948002316
2375978755
3109018565
8268203267
1941461609
2621966802
2156693093
3938797764
1816255803
5501474014
3298289345
3190983233
3245887854
4416752818
4302063205
1897816254
9532612520
4112022964
2884334987
1118580453
2488409891
2666260399
6737665069
2984634276
4580658988
5376782017
6639214363
8291470061
2829824918
8998270489
3101756950
9042151044
2979596899
3867764963
4019328153
4230845640
2319681777
2217696864
1421257842
5975133083
5275419160
5808220190
5359232927
4293310029
9269348021
7289166578
4251983009
8236735175
7398202731
4573845056
3569789432
2531555941
7496300293
4576750006
9913615837
9745355580
2702137993
5986980857
4257787694
5544903751
2725015148
6528023179
5594673349
3440231171
3686027715
3804752073
2192462143
5142110889
2168456013
7069262667
3623158184
2634467452
8036019099
3770914595
4633201778
9188127988
8134252285
2223161481
9866949760
7655638495
9378124550
4287815152
8550644667
2051331121
8429605328
7565849822
2408874105
1510980306
1218940495
5956345848
7628036779
9169292643
5846751566
5040863382
9204515804
6093329843
6583264441
5211102699
2142005637
3896141761
9959272828
2575558283
4364263140
6025855092
3318987923
8143317776
9262112572
5327496428
6082204088
6049252899
1520436277
4877022877
8568849560
8969681999
8493692396
1193854731
8279386170
2799679239
7658360684
7366636181
3408125123
6901656989
5334117267
3274715761
2976609859
1782904912
8912440937
6726673403
6351452030
2444693369
2338452599
8490101008
5746216442
1228035642
8899947566
3411935071
3539467214
1638348754
8904316886
8819407213
3711588001
1013664647
9286070873
5915266295
5760018327
6928767873
8421880284
3643308822
5738166897
9805764377
8552233441
4786059864
2924828573
1130811137
3710348282
6732473750
7177389764
5212784314
1757748273
9221648989
9278153714
6731757018
8413656548
1241724519
1806262165
5094857171
2730108177
3378693528
6018868974
1310817435
7312097814
3130646838
8829996170
3756686751
1243180400
6310499257
1700169016
7093980265
6365534154
9201320604
4461980983
9797486955
9821455596
6239079788
3482547625
2749213604
4508452862
6915501589
1348807948
5731216035
5098063108
7981699150
5825308952
6709204168
2694130259
5350946502
2812107832
2855900093
1069055419
2549832890
5645689994
5562008124
8105922032
7889341723
9418707813
8133917207
3064801483
4912892484
6554173833
2142717233
6352420076
2093598748
6063734399
5067347700
7405158709
9093321380
9896070063
3672692908
4211409769
1730696613
5054964129
4739659335
5404086280
4839530772
1113476423
2186031895
9627199527
6012919246
1422743009
5136084863
5225558976
5008076204
9643599067
4595965238
2640537024
4453094211
6024078827
3541873349
8793082277
5723711459
4272337929
7155420725
6454918093
8940698245
9177064206
5879803719
2976474923
2906842612
6410393109
6015451939
7321038445
7436573396
5761175618
7443196686
4719939586
4203927964
9312272955
6526405274
5603111638
3843854644
5440421541
2687318631
8462331669
2635746699
8965371972
2898787484
5897155726
2958728860
3975405145
3632937375
6590232576
7692305662
4892524082
8089616034
6067733130
8437311021
8557515633
9962526663
9132441255
2267653852
7951432928
1534245209
1011331830
8346943554
8966325069
9295736753
6404346509
9859797437
4129089089
8350905654
9731000216
9946942798
7304330217
5521698598
2867975744
5334933047
5702108831
8968267556
5243686917
6442696486
1637404241
8385879537
6827972435
1897132350
7127216042
3592431408
4322414667
2701451639
1227058533
6288682754
3552592541
3986715705
4468813395
5497174402
3920765846
3189944313
4993405692
7861413311
9823699986
5036925801
4006834592
7925937322
4780857017
4047271329
7179798859
4485500587
4080044399
2819599792
1799567026
3946942897
1079003513
5782442892
2320541210
4702401768
9827430218
4676617563
4204552287
2357584719
6815257981
8448474054
8167214310
9272425877
5971470717
5225764714
7805300937
1850456046
1430165647
5738402339
3302794701
4494277516
5000594634
5412260710
7309181032
9213143242
7601587366
4466372265
9392897525
9743851646
6139379759
9306420292
4700276229
5279420450
5905180982
9238430690
3030136203
4271494555
4291762055
1794804138
7844843070
3901782113
4740713161
8494933184
3814056919
4920549241
4507746499
2793367930
8411994470
1018691719
3527797903
2247675645
6608367992
4464297765
9274607897
5624434243
9381481930
5261980313
7154522044
6417429650
4437969081
4115039346
4517234841
9693788940
8401201958
5498809895
5410516105
3762633056
8411345698
2685735755
7318278860
7202391656
3322810002
1749015149
8257775168
1411479088
2840813267
7990775381
4483251550
8496199207
8743324433
3397366036
9339347101
6229618331
4395329158
4344169761
6101657495
2744967054
8603253188
1073567810
8426601410
2589502632
3668196805
7569140694
8848489101
4665938814
5539351710
7354917971
1218670943
6075117879
8643700678
1617227128
9692768892
6748488586
5251455027
8069990720
3094176975
2148163715
7871050981
3785661248
8892789223
8642828827
2362965695
1381045831
3989197300
4006733887
6662549282
1537775912
6726636107
7214571404
6605611669
6424427921
7099125690
7446909591
2245919554
4645979069
3323099181
4750075349
3798271304
8677300019
5501505361
5845845415
2253054479
9589903395
7566200612
1124493661
2460495855
5815957247
4566639780
8218421433
9286258765
8478396382
6925079140
6388156713
7773750274
7684314486
3751492557
1181310492
7837664514
1382833008
1875085179
9836395128
9208013966
1309256685
5422214693
2085849169
1461775951
8179492667
2921857978
2700282707
8425067799
5628704824
7081020354
7741956891
4716328012
9570610138
9264759512
8449043349
8284812823
4953485419
7285739936
2803529692
4515623404
7005543675
9862921304
9132336880
7936951401
5330656832
1364873863
5636653322
8391891945
4645645172
9495622981
7862110588
4944972708
2035778605
7082433633
4140001758
6163344525
6651900070
6157696188
7691475189
4904263410
8960879281
9894207561
4290898620
6133068562
1144390656
6696075463
9162441297
2277255648
9845307568
4983450222
5256003839
9281686261
6722633546
3995033968
7544637172
2756825531
8678799682
4913418699
6068922641
4149659744
8679514913
9949365253
9593871167
6447017460
1265490137
5777956508
9107734303
2522815241
2751235938
4780467604
5747554710
5987075477
3914636235
8995660850
9368689312
2680412386
3454112443
6035423314
1939173206
7808003186
3378049049
8773492696
6400884006
6499605727
1702816346
9105464577
8441564452
4328455736
9029830491
8513749787
1348587825
2663924069
7393903844
7725065444
2820595866
1975073230
3330875389
7298048370
9387351790
3684549383
2857531505
6501346309
6326364283
6740456757
5654426789
8235766380
5543260773
4970236718
4950887146
8512898592
6430737036
1752803419
1730383452
8644337542
6659530534
8992199219
2075169962
1143948500
7952032095
5717196033
2852466987
1179273167
3443054179
7983653066
9333075031
7164670101
9101717577
2558766611
2007122108
3571552225
5994862878
3785977277
9458490258
2213477138
4890512780
5367609765
2626857236
4234671802
9148143732
5330085122
8489312912
2244982940
2509716657
3904164325
6093507607
5954298851
8684026020
3004374969
8171486128
3700207543
8867809772
2322102446
3564047137
4375540271
6412689233
6891339898
3183412046
6383025139
5182327807
7579064520
3590685151
2218509370
8705400520
1787518772
7355704907
2574729203
7198192782
6850014858
7419279319
2368356693
1075779275
9715595895
5000925123
4755605454
4151611616
9949171181
7987538930
6596508822
1530754963
7090295980
4667309241
5408993407
4891724359
9129111748
5245152917
6673653909
4446895675
2531803706
2407002650
6295316558
7470402526
9473689758
4999145077
4780333223
1177334359
2469881648
9960620329
3211787213
3655611460
9851926888
6218578831
1496239481
1501768631
1930608847
9387590782
7331788464
6488151336
4524144782
7451806564
2257795942
2285014579
1042653158
1430990202
5273806222
7847408630
4402596672
1173540276
4638536108
9390645950
5784957644
8582538502
1135302470
3106823701
8013442766
1041479842
8951519157
3341679885
5417705552
1275747250
1208584545
3888812302
6607200212
8007783605
4926768273
3323055659
6661086023
9273412010
3843409903
1752886745
3207962886
8372385909
2027798278
4164559317
9848210637
6234887373
3369126975
7295357897
3121151257
3358273446
5648060408
8053837538
1892048598
9825152885
9299398281
5485579787
7087778965
1515245329
6919872889
9747974433
6005076788
6154104193
5230814473
7595003866
6354794818
2933204597
2647747424
9037514955
9431823137
5260744412
2547980546
9295177279
6790970188
6018343011
3413194092
9044936338
2146954106
2907913568
4971019614
1960158419
5458325185
1624568637
7445611771
5938353287
2722397069
1616431515
5744576917
6507167870
5944283925
2109985543
9139337597
2402167717
8293948576
5984614567
9785679020
1398634988
2292429627
2508862117
8391352420
5837073629
8330118911
1004660141
4675043001
9658104716
1939092123
4742233723
4234776050
8408450624
3462863557
5193768117
3901039333
8744041398
4515009503
5945150714
6344941061
9749425536
6733089111
8347298141
6778397051
3068814781
4482817724
4991735885
8021113045
6245347912
8194599715
5374126873
7706858121
7837025777
6527421814
7103746567
5346227061
6962358149
9903311234
7140167007
5999726941
8389549765
5103574393
5165211702
1913107840
6881153004
7046702186
8316877966
9422931732
4259745439
1267323835
4081540127
2566409272
5191739447
5624222832
1455522001
7247251072
1222966716
8549506464
4402193915
9560690917
5330421459
7682031282
2356294154
7321067945
9790796081
5970818854
4558223300
5230385760
1670841167
8359840806
2118952475
1465755503
3768894859
5173368277
6149879504
8653237310
2312924252
6803196843
7349692869
8925477246
6045520956
9654815243
6739513586
5350005534
4137853002
8143034337
6675788552
6568576391
3065609247
8790712875
8953073895
6733694890
9414258180
7414558493
6142146574
7722223340
9108457037
5157261192
5536451006
3841095586
3651962584
8543834561
7545112776
2764250478
8818416106
4366026161
3222170953
7498021573
1401703461
6769764056
4285118919
5019485882
8046070415
8443672314
1876729600
7647031989
8512365978
9638733881
2001807478
5829124477
1105936694
3187811999
5109014044
2218507344
3633049828
2563564744
7877430712
3759607026
9455005499
9718927704
8594921706
4630229773
7811371403
2741465775
6894611710
6824706244
9408960259
4899441951
3435829975
1767447526
2932549538
6600366413
5320168425
5456664746
1954567170
7568526183
1094656830
8636503432
2636422817
1540336770
1837255622
9923109727
5023231669
2005917089
4401780082
9940458836
1065424480
4776375666
5932384851
9779249742
8258065382
3933103729
3886240308
9855054536
9117998443
6168118557
3040077415
4923210206
5393266959
8621054237
2643676825
6234699571
5418222483
1417193993
3280517486
2638339790
1593529688
6473498019
6974452979
5758498700
4270071587
2757177186
6300908649
3004935866
6613183877
2214203424
4302425904
2580760465
3659712460
2321838039
2424206523
1826933758
2335399790
9624194993
9478493015
3768889811
4996064209
7422215011
8543958831
1715631949
6300157969
2031364538
9040608768
7857731295
9490519714
3358695790
3478948889
6896813378
2191817231
6226038122
3639813952
5572467332
3668589001
6091613101
5160262716
6462469407
4180596095
4741891495
7986082893
4994563764
1973935952
7226500233
8115947288
9243951283
4893450792
6919082057
4661108261
3508671478
6374410441
1228495768
1063371705
9764863981
1701699971
3358082007
8028582181
6738000717
1996392646
5559167222
3340156514
1244860843
7067431876
8401233076
9018664765
5792862209
7447907136
8938944283
4572149344
9138638728
8308791034
6256710586
1025716671
2463309420
4869681536
3045717556
6909658513
1532913651
8074024774
3210584345
6515023327
9906658543
5125888161
1608373241
2086219327
9161009369
1392762459
2459030827
7458008772
4155342173
9883009043
2995253376
1194478385
9477263650
1172801960
5917462541
9290907693
1722683032
9440132635
3095048747
3640650441
6250213313
2923552099
7460414033
9655786748
5221443658
1871168942
2249342400
2458589772
4459483614
8360786950
5974822327
2101588295
6531601516
4169335340
4923517107
7310985401
8497580113
5712949028
8511219886
3706981486
3632185464
6357878713
3360585807
4296041217
7143371604
9726874864
8304364109
5802296359
6339295409
3458842230
2040801084
3383860496
6269403601
2507076715
9474964764
9578771298
5412107739
1193164842
7745228691
9948468315
1356318597
5715359221
8081699579
3075796930
1391988038
9002952901
3568597395
6307070846
9421762769
1219826975
5255927512
4012520149
4097336125
4461080210
4799898438
9416002009
1535099555
7704871987
4306367864
7052196082
5577638865
6080057676
4443324661
2139436747
5615311125
6025166389
1186353654
6724020098
9619988190
9957503645
7632584612
1622960810
5570564085
4712656004
6049983250
1741527574
8629137445
7864979824
2161481531
9481883022
4917987013
8536165562
3009870284
2330340282
1914037715
8624747716
5254297660
7599539411
3260742817
7986877010
6372638495
6777676437
4757876101
7917276591
4787479377
9764204015
4374895503
4970787157
1966021151
5162015179
4298289385
3128302823
5918279840
3434018529
8770571831
5389397240
1909079255
9258657162
2736456883
9181911791
3375225137
3492056207
3062807828
8195422523
2512905530
8736626279
4900082042
1238956524
4154569551
4876271190
1291770235
1029209798
2717007346
2564437693
8460030863
3923186738
7182059989
9657624067
6961545140
1734991168
