9724304593
6923980783
8191062237
2152037806
8693036116
2751449583
9442513727
1251639513
9977202096
6767296163
5616589225
9808768495
4301351071
3963494330
6104016375
5686884884
6441546133
1106509724
8199737850
4828371690
7293144452
6324710450
2809209695
6033310260
2434075588
8561884276
6040768804
5563084748
1827540864
7049322092
9775525657
9147043648
2273951556
6365314888
6946305108
7988007215
1738053860
6967392792
1762399289
9491477923
7964992437
5963773265
3374888798
1920480887
2989662507
3756201273
6134649025
7038246875
9472789208
6341387587
1714222555
4461444802
3857931488
7873874536
6818119388
3213236033
1618082193
4817417083
9985890586
4395681085
1082158627
4536332302
8626328618
6632503973
8281210060
4777175275
8234756044
3230633461
9999494891
6484859702
6689488751
4596378363
5416385770
5120179879
8813813650
4830752841
6645933410
4300866117
3689440332
8744557261
9170496168
5242412287
9595007794
7139932622
9802244555
7701492379
4759898058
4819723054
1261745667
3055045486
5107193266
5337261345
7202039651
2443485236
6991028857
7577508397
3274775184
6513603709
7606457843
7270130798
5588205873
2671270093
3058246966
2346694895
1759268540
3359404489
7719740234
9355359694
2160411190
9114631438
9512806780
9820706634
8668544201
1500014152
2338660443
6310566418
6829881072
4077065959
8347521457
8661585669
6780162377
7805743166
5510723378
3290905990
6102390133
3111819303
6606418760
2902316696
6443972815
1594401298
4610604677
9106354490
6764697479
4905775670
4187725020
4709308446
6627379455
4128044085
6313776211
5354656158
9007916339
3959777090
1387672497
2256026349
7343471647
6202167924
9045843599
3382518835
3405381426
9404514781
5278480322
5103810116
2036229795
6055144565
2577905686
3660309587
3125887149
3890103422
1621568344
2531532302
6266730576
8873200936
4046250507
3997398859
6424383708
2989073614
1101153651
8154711428
5115393975
7492854507
6076255882
6041724811
8273599624
9829632492
8219841017
5584505240
3103653329
1293872691
7053845187
9965870026
9064222731
1425074657
8946805529
3669033961
5403770524
4049229042
4786541229
5615908442
5907231936
4478159936
7739221185
2867890452
9267040065
5867676680
6044507387
8211123732
5148600237
7824569261
3946783202
9740724866
7736584933
7772661737
4036036362
9134067345
4373783053
7341882723
9495104374
6392908600
7585219503
7315376037
5858849742
1995245053
4109068429
8041227230
8126461299
5427095835
2392220813
2671445093
3671973945
2223192829
2423104345
7901981721
5987884561
2342814834
7612444928
9730818767
2792524119
4035512933
3995169419
8110176194
8475825423
3575208848
6852527056
3854643907
6276014544
3852898279
4282149944
4576436829
2043272081
2534249486
9783102179
2413041097
6601374791
4438827721
7306388991
2109105386
5683793331
5090436229
6300379630
6686588655
6922519074
6099673124
7679959464
5419184105
7967358177
3671383291
5653553369
3588612102
9638311850
6576714593
2409721247
5013959543
3998275832
5676265227
1839683276
1582838449
1229343892
5260088112
9693501108
9969886262
8584628807
5812570665
4516251269
9750075832
6358599319
6458206351
5113359291
6814544836
4578719547
1294952546
4256786828
1298604797
5706563390
8095936354
4788123576
1092663860
5993009094
6040653076
5452565049
2754079935
5806920508
5085759011
7033358880
7434960256
7545862342
5119479817
1937299006
4299925890
5114576422
4983010304
8915175554
9285471129
3419647116
1892123262
3178854899
3146211991
6100415270
5340116538
1435968451
4557430266
9353064007
3902135740
3839438729
7672871141
3741051557
2730284071
9507044163
6040858859
1393526426
9537193678
6901401233
3640941203
1642914322
8821822292
2906004070
6466533563
6540338717
6487310253
7327149824
2408615775
4976467326
1692885789
8426553271
8642670253
4677069029
7224632647
5789838080
2789862693
9720144141
6106180040
2850127595
5220686380
6957672870
1274153039
7657659132
3095468150
5567578166
9901810997
7638426989
9481642346
3273487185
9811639492
5976240492
4880060814
4885608856
3123532540
9811118519
4391781546
3365069729
8158847228
7913285440
2723519311
6954614323
1763820636
2573366491
6662395685
8889687900
9205944385
6953469034
3915184215
8030062698
7648124615
2432997556
5832866625
3391528892
1947738209
8370275784
8385102674
8557957967
1959301421
7183809376
6417034190
9060259947
5789159814
4963840188
6641772972
4222491002
6838816698
4102879671
9541912030
8751775103
6908670650
1335695709
2712613180
6397428865
3496297756
4358343941
5928034441
4639687917
6411138939
2204147881
4714042206
6287987346
4236951236
6244593137
6099107408
4660392528
6934654263
9062433751
3945469888
3952316841
4717717091
9269024542
5104828532
6751215413
5464545385
5737622238
9961178740
6856802340
5769038933
8800039132
4265668108
2178959294
1396286333
2122473567
3360584159
3868449725
6047522543
1331993674
8497587155
1414450480
4699218991
6450347402
4087153459
9202197814
9378641957
8543096207
6404702398
7872506353
4726001378
7948416115
9348042527
4818653006
5490497310
6569055704
9564452974
7159492894
6051970488
9461580442
3256116712
1011051630
3210704944
3356980406
3164337576
5227656110
4404920989
7884735331
6963449069
5794828608
5195845387
7294903436
4560816868
3014280513
3030663176
8244989249
9195888074
8162434849
8586424455
3698057793
9061835566
4015563815
5048393963
1704671197
7805931384
8826905966
9714624699
5494623090
2456427130
6690988645
4427048184
6893138361
8720252199
5287738120
7007518016
3987539904
7987472218
1880792440
7600458398
6033084616
4185269286
8686675799
5303881005
7556314492
4532497042
7923610863
8145896206
6201868195
5440760057
2046673364
8624810915
9629594997
9194427702
7826446887
3405018710
6771741886
7413062020
5925200888
3704228334
4379267935
3178706560
5082077967
3520982942
9627540145
6712989477
5366950238
2144670600
8622538562
5107113330
3635675660
2823649721
4090337317
2000565538
8665303393
3914420406
3825159207
7066071924
4884385611
2506076989
1018026448
1722789133
8690149903
2761059327
4455888369
5335749739
6712198449
4794109132
8493440679
4778620637
6903848298
2610807093
4461151809
2635209525
4192823079
9090108301
5885183892
2024136230
3192746671
7636953050
8976595032
3260587433
1707232860
5181748883
1208997852
8446075081
7163585083
2998503224
9482083805
5891716977
3882137980
5088940687
7709838110
9721258453
7908813531
4933017590
5261487860
6802215931
5438196775
5749098765
4251234904
2545696303
4989434640
2713833142
3642654787
3513940026
7681470224
7753778877
7203289321
9712671019
7297998937
4495325893
7353419320
9121261524
3919058918
3995607709
5166389952
3163139641
6276271612
3030780373
1697733155
9806411224
7267363139
5061329237
7434148581
8410772275
3459188374
3551396958
6891603567
7705391220
3899216060
1321803177
4031696538
2787332879
8525694056
9912491083
2823687783
7255945287
9244276269
6187367353
4390915136
6429483829
9340606968
7978572562
8020503181
1053407367
3925741184
9352649369
5639841899
9312586304
5394121115
3303113606
2780727061
3595234087
6006412063
8908125758
1237396374
3478955399
1288749453
5067367157
2124061939
2564742813
5533286542
5364783130
1382734111
2615117730
8529131661
5011556387
6990747336
3375429095
5014152875
3424615010
6400333867
9865351326
5443911915
2845610211
8384030479
4187778338
6881608479
8334155251
5733192060
5993215292
2448897682
7969673878
6020504367
6122682668
5503937990
8944665560
1405231141
4823209129
3382330359
5808487086
7732109639
3071931557
2917955630
3443642906
9316595889
9829302168
5554469046
6864708568
2367319227
4149481493
3578657108
4067054197
3210908906
1516108957
7752619713
3007414580
3420472094
1872804995
8672676478
1493333981
2122702292
9614320783
4014821990
9454295121
4786543229
8321608346
3117419799
2444098730
5445168820
3493143724
3983932769
3390133500
2842251062
1151965199
3424731304
1570484349
7656900159
4601317789
8125224093
6677396523
2373083635
1692924624
9666107394
6922097818
7707705187
2786720960
5703404352
7148029648
5797246580
4699366669
6806933876
8554188273
4125221759
9923895687
5479026103
5591754596
8525485516
9216882916
2554360148
2657212429
6276898681
9340083722
9766867737
5876635613
8008631072
1716854093
3636699107
3856591458
6400098475
8372759731
2676668146
5060311249
8419821740
9681061485
3299681167
3793965867
3719714316
5585982108
6508630629
1808812144
9320596911
5306834078
2958985070
8643544080
2222009308
3282427889
8814127233
4744297211
5162976545
3232956616
8251482647
5596715736
2587728937
4214123825
2071645093
8539513766
8345083974
5130720161
6718347054
3663731674
8904735362
7308003548
1199855894
2557188240
7193780250
3945819156
9486118847
5857176436
9116976616
7028027968
5001826411
8199575114
8518182128
9777542603
6198374529
5147494353
5577732122
4398291820
8569988617
9573983879
6768814261
9998347251
7731595491
5996009240
4805231389
8945990895
2019392228
9436182007
8782010220
5511991323
7073519710
2249178896
4734290356
3575310454
3357118658
3167508922
3487658508
2195502841
4523118548
5851980810
2288154638
6987965446
2524478444
8963000818
1690849494
2951982155
6501598573
5962162902
5819265340
9849545368
5080465495
6795604073
4908648884
2922227295
6955558317
6974979936
8539569353
4808375059
5534211287
8022500736
7319195822
2585149380
1454390111
9603078891
1450750287
9150628471
4039173615
8777361254
8546744238
6906740849
9004836978
6363874985
4950240362
1277062478
5379383160
6340584126
8893344657
9675200566
1358012782
9981229130
7282497056
9567416871
8441188952
1289193524
8210349201
4010761493
8863075578
8587650045
2707427270
6130846514
8444390526
8399355504
4107625094
6745183223
3116318619
6557338796
1018280776
4995246634
7752514068
1308637951
9675908017
2563007389
9651925430
5810487222
7975427236
1992719558
9882641832
3094331215
8235123333
3754806740
1053968599
5784651297
9663968588
4726468481
5056488730
1614653866
8246595956
2684115340
5382541348
8391383856
6787735759
6980274253
8684880006
1778318249
4356015713
8484130692
6317491957
4013627533
4509024629
8843525640
7049387514
1648532244
2570957133
3098380071
2840940849
4279693077
6032652312
7480488317
9806826227
1556450477
2179518749
5588472583
5131206014
4975377691
5776824736
3079311762
3546178150
8265060180
4597423440
2736790165
6799733213
2430863082
6285199247
7980337182
2271167241
5880575346
5094046718
4476858190
7002867892
1815140322
9462130414
5226949868
9334295181
5119605931
2754699805
9117657982
5291132025
5543236111
1924487806
6316392469
6468540304
7205054492
1227902056
2836543127
1366658220
3128349028
8948487915
2425027968
5173742836
9811255765
5056208966
9769898751
6579377563
4222298651
5107818709
6499571366
7329646630
2024529584
2766550851
9053252963
5646327023
4113729159
3944487227
3343228259
2311416476
1571583815
2718731103
9291782157
4530885096
5551270268
4057524213
4992596653
5527838419
4212040738
9213598101
8505881551
6382134938
6812833091
3837379432
1567790619
1356501626
1707655109
7809963885
4980352492
1335464798
4934763896
4861244300
9150290062
7724877048
1154757730
7662722946
6044150713
8831663049
2621710078
7890254634
2990696735
1954781649
6935387444
2619467168
7168539744
7691525858
7741536640
6492548002
7243158143
2873358031
6492013946
4080092927
4067705799
5686221905
6459683849
7816957894
6362061833
4610901836
1367908322
8606016091
2893822507
4441392482
1248472788
3587091243
3906665334
7733484365
5085722985
6869882394
6676670555
4819632665
3696312884
1885436168
2227272370
2550890081
6049630370
5880064486
6738949151
7165462511
6839390197
1587689926
7687252672
2374318203
7713520724
7914213053
4944520929
4017593798
6132217581
4726037900
1730284689
9959481094
3089089301
6209856174
8721432704
1963727082
6936452880
2061452642
1561308613
9201771987
8551045322
8833498749
7673698970
3111884144
6857148566
5637670729
9239242424
1189787918
8214567889
2769424445
7666698768
9494703777
5792581081
7484237050
3124605915
5553887575
3571665896
5785295023
3516363428
2269608014
9531262553
7013775972
3957507062
2773669888
9929409644
5586560982
3458252602
1291432875
9124424065
1771272265
4012877721
2761983538
8971461782
8231721544
5697266418
5910924322
5569739164
5376236989
5011194125
4097487577
8372402166
9815554662
1647151228
7996892737
4782420381
8019784304
4956576244
3667703581
3599662938
4801616042
1926559213
9488776149
1221783967
5430196993
7174723544
4279689723
7982490715
8027183914
3939020545
7150452537
4359356230
1426129715
6093940224
1830846653
3706689735
3850395500
7513208134
3909264934
6666836480
4442937200
7925762722
7581141212
4653749136
1793016413
2583830961
9268308834
4805257531
7728800482
9495891581
2924991323
8101352759
8592141873
1304696350
2967094220
4180802890
1565355332
3772611826
4917205649
9734165827
8420516549
4776277390
2162916529
4965369862
8272807356
2631665419
5095689387
1264473492
1223174189
5621389054
8906890757
1755997897
8421485109
3224283536
4569249684
8136353919
7093655086
8597542930
3206367612
3547793597
6773537761
2077885768
6830723776
2289630105
4538458266
3430267796
7094376364
6086066086
6416073024
4898572100
4389709344
8335615537
2492522645
2287888222
8166897648
6732203732
7890945791
9860494867
1023380894
4083753676
5878413103
5890734592
1669862114
1974797671
1670627063
7403021252
1186969325
2673145313
3950036409
4603546279
9983258991
6238744081
6044072857
4193975163
1034829948
9271149484
7479386031
5446985740
3284572824
3562476045
4245482569
4244959190
4481217982
9613154562
7099312751
8273456408
1492429439
8069575292
8195502077
1506749533
7323485110
1255119238
2189808667
1119104072
7645646489
3695052512
3813922976
7653868326
9120320896
9539280775
8586743302
2159318654
3214164327
6433816851
8728538633
9219385539
1841989713
8508125024
5631002958
9437487648
3858884919
5226015843
9406415978
3271305023
2800572319
3109542923
1950200474
4134305551
6373622437
9770037825
2980325992
5514198684
5496738147
3637362747
1080928162
4281244228
8101029941
3924950241
5971387266
9834986160
3549235698
7599664940
5808484588
7773736725
5808159859
4166465836
1897653281
7970575774
1999078798
6366394903
8331235358
5032288693
6612957392
4970581883
3734260736
5166637116
1311990966
1928328680
1137090097
8042737225
4984242294
9125193148
9743060211
3046257951
6478879336
9161973628
5664800518
6648834751
2715163405
2177419456
4229009926
1772073446
2356797540
4280294321
9653183967
3900329844
9389153107
8536723728
3093035158
9516542085
9349730553
6622160145
9503791609
9268079914
1341068441
4445025119
9754988609
3224926961
4836118686
9896454562
4749549165
3799231710
6371838334
5167543243
4519974934
8102147250
2552157221
5439210265
9225051391
7321838573
1965501335
9450976810
3133284734
6803837737
3275060882
2339407859
4987013496
4548499483
9817217546
2455387975
5139986703
9375310716
4069399518
7844024888
8660236201
1028124332
8242745312
5001564466
9321508049
5272378773
3960504013
8741364242
9966395701
6220743402
1612591042
9739259127
8393441506
8436913064
2420472154
3966435522
2861937307
8058802992
9649512982
7041903831
1256265928
8418248832
5354324084
7176424196
9061900243
9372414259
4160951877
5759504071
9168858247
7702920000
9220384971
6018709973
9034601913
2519128834
5201855685
1914719077
3670487345
4160955110
2506055358
4137639947
3243107626
9480108434
9782259881
1639908301
8676238595
2277637698
4752107119
7139673295
4175349519
8876920618
7414782393
1932397183
5174517037
4276691629
3899435121
2714624731
1862075948
6077787298
2330796372
5017957740
3098362147
7795562202
7150441739
1663614281
7943153712
1562488349
3085629331
4583519115
6662389580
9771241534
6786231893
5741351760
6205211260
6616444822
7694478466
3474063227
6362246527
2896843742
7261360842
2938193839
8040520315
6693788738
5607804959
4509030835
7109271565
3595095411
4802426326
1692068774
6494081403
7603313440
1587697578
2020815413
5881067526
2221985905
5927527058
5162579557
8614201700
6178891455
2880261357
4029129444
1985086190
8545457725
1645590398
1564869821
5659313943
7885434241
8543566104
1426154947
7186587256
7206137822
4514759959
9681473682
2626125454
1856343996
2846553617
8052421174
9646521038
9256776299
1614864021
1574594101
5523593029
2949832843
5001585581
9529624037
3844889330
5990920464
6880053750
9638716063
1533960026
2043728276
8856627373
6021371650
8323637985
6712512780
9702328884
6319369941
6963927491
7281726596
9389895341
3592053841
6471412130
3648652590
6249301161
7976283479
7498243989
1339341663
6287628719
8462998845
8231479009
5964807608
7173635119
1359621306
5597337072
6244581656
4926067065
9165116490
5245571860
6879799172
6829812951
1762233666
7954932190
7969826405
5210499406
9189415885
6132545994
6155172336
7365803947
5779328151
3669968263
3093608282
4087773792
8410593585
2145318976
3901085648
9118247668
6990614793
1416756064
7411804263
7514492772
7961556908
6299237090
9405496333
1879297989
5222500672
7414496222
9081927625
9377011535
3322070229
4137586730
4746634465
5547441308
3737304354
1099078981
7376568754
3081009619
6332793063
6702147172
1390252095
7731460020
9879179656
4005306457
6900341811
8712208326
4599737868
5781765045
9695706729
7129936682
7490472569
9856285988
2195840197
4910213568
5134119494
6779897902
6924085341
7502405859
3167135548
5196742162
4032785359
6121248882
2803684176
2336825315
5772420918
6653057466
4502631153
9374406921
3255090286
3059000292
3217517657
9542935962
2585583835
3013513935
1290173824
9815522200
1817629286
1922333389
9956057670
6776181540
2482633782
8988867412
7229431809
3417219631
3927069766
2458534456
9964878297
4629538271
7292699718
5318431226
9888767792
9970587835
2328445548
6788070517
1363118484
2792724561
8921063541
4588866422
3764112518
4904172607
6907708120
2352266176
5742927754
9066943869
1226575104
4605898850
9418945846
7463637024
1814455374
9350511861
9026987861
8186616631
7933121837
3160959573
1349894728
3051481718
3401841056
5314008234
8707907980
5256804504
3680787408
1463939097
4002992693
1433813997
9841593180
6193019683
5598004735
4743092165
3289337422
3997799570
4843688723
2843381999
1441046742
1044033082
6108752197
3329778235
8613698173
2279444447
8827703015
5041339362
5131115105
6303725117
7707165257
1014298683
6500237525
6127167385
8442707508
7244211640
7157693724
5864293591
4799984242
7863992730
7575507449
2025025137
5078864280
4910990604
1556655663
9597792807
4190699464
2605451113
2083370787
6131566740
8870739125
1067253625
8694976143
2112441508
5371801052
4471451375
5828764559
6329482637
9369727242
7166427691
3287856990
8661063345
9965409697
3441978224
3866134841
8205110191
7257742532
5176799425
8857416930
3451591087
3808386742
1114089182
6147663285
3679144971
9995104321
5453073953
1154209324
6488164174
5159871336
3456612527
3343460689
7480742429
5654974933
3356401308
3128109319
1587041540
4298853008
4331464552
3296593165
1467853789
6792068257
2517193364
5275275006
1791475437
8676171294
4941332543
4492638960
5028672243
8563492841
7420632563
2138314910
4662479275
2382673241
4965854152
4909820501
7925042021
1409392093
3143295802
6170815035
5962514252
6236186614
1286937648
8545099862
6325085908
7898281891
7150728716
9377524251
3385266668
3060177469
4466158600
1966883729
9931482668
6545740708
3654123537
9673702832
3469125278
5198069382
2338421862
8083118117
2636653374
3077255269
9741934550
3822669668
2078931617
8411519920
2147339296
5846258797
8139047963
9083460061
1360233557
9714566447
6324620623
5842074174
7639115257
6194522246
9304911997
4016078661
3516785198
3145430266
7133081667
1840832869
1724661123
4047746712
5061942491
1763760844
2291632236
6465532429
3551976359
8792315436
8534959905
1661117759
4882704831
7581116046
3886052022
6950336686
4958767069
2325836566
7453726708
4402909677
8687085448
9348548892
6480576861
3613183631
8351532019
4663210517
2249535234
8641803342
4249909290
2240527746
7316277141
9395818832
7126452668
9334519028
9731220734
5721631748
1653598015
7589010277
7115871367
8014315993
8285549385
6845228968
9610025904
5900908030
1218579571
6602597771
8436385511
9515626546
5172020512
3268930207
8510963342
9491464093
3008038950
8572648669
6657376140
1772443198
7182222553
6454459296
1862040247
3525488240
2857889456
3067039098
2581630567
8863639167
6010670704
8625253146
5499157082
3154363901
6619160076
6085684730
3724874794
9913541743
4861400858
2512124004
5026743303
7698653726
4829228143
3342989560
9020790717
3608239503
3617001342
2183233199
6509276277
4806111515
3718490625
4778829894
5008529435
8392289568
1008741577
2178191184
8113323476
5726006088
2834375471
4192421703
5036120949
4770652484
8860962692
8077564312
7646933786
6653069038
1966726329
2699830503
5875150391
8931928312
1150102657
9178886524
3487270705
1853732253
1323175618
9625401085
5395573660
9890759896
9995550867
3668839186
6325594944
6254094016
2525765929
8786522174
8720622617
3899086405
8470475234
4321419476
4662337408
1629568563
3116203945
9527881417
2823981437
2347948275
8452722917
8149505361
6315645304
2291754304
2342309846
1967470794
2493768437
3623040089
4290721491
9950748661
2869057549
3696656048
8847362035
6453767111
4408874797
2551681720
9815717207
5122183096
7201532469
4525964425
4852921234
7448052741
3018277405
5615612598
6655942330
9948181164
9827223732
9922527849
2469783553
3396949947
9643706669
1244789973
2412854309
5385761209
2583424219
2044455098
8435774518
8862763437
1722194599
6978039642
1698917082
9008031381
3341851076
2409897403
7903549914
2085247415
3366548747
8675290953
4828518639
9001455837
9244312415
7063756965
6082167913
9617159676
2849774299
4164420999
3894662037
4594587874
7644220604
1362819599
5744271974
5859527374
8675894785
9267890177
8982233113
5527558767
3529125209
7905702742
7881107501
9416396749
8776024121
1997221861
4466263779
6533910678
3851039313
7599373314
2929549195
1066479243
4032218477
8235382215
3307709796
5184938735
4237188878
6050939209
9224238549
7201284420
3230501445
2944822318
4686139120
3853390003
2325109125
6796927802
5800770132
7012340287
9163459675
1458870976
2899060492
7761302794
1940020241
3040311750
3347013782
7417345703
6630863891
5497970740
6856125600
5581036182
7345274892
4640198197
7353825886
8583222418
8754343888
4454964524
7892478266
4225549172
1794807459
7128504222
8694306933
2298408652
5278128453
5337421165
6861461606
2016685302
9037794484
5010123743
4718580483
6214370018
2808821265
2592642376
9718488099
8878596107
1183759209
2824748916
8903005319
1626334883
8416480902
9993165196
3784287337
4161553262
5345392300
8720955175
6696741928
3806548191
6547945156
4414201209
1747989080
6518254057
7914908112
7123181180
4193384805
1085658583
6595598816
4813583993
6850706713
8364079939
8351930322
6773439279
7435953844
3533460254
3316847630
8440990888
6853180644
1032466157
8918218650
1227753089
9264270846
9609432148
8988012270
1403873121
6545532247
8313127633
1997533829
6474483135
7130531639
3648997682
1632721277
7958107455
7579864200
4043369173
1905303753
7889885031
7946348417
1927610377
8877213433
5589514323
3017549379
1617836331
1463619343
1200007652
5124860412
7252850099
9214798912
5455210397
2248490780
9880303730
7937466758
4026133407
9129587576
1052132541
2438251529
9755402876
2634564285
8291473926
3375501974
8981937834
1660546912
9082832335
7255522348
8839464767
2551003148
8975955671
1450461163
2465886878
8737187031
7148070760
6143999541
4835514068
2764892368
4351419171
1014856962
2328472003
9066005759
9487281247
7185513160
5842345964
4809878330
8758309565
9814579372
2208008520
3427083398
5426752104
3625194359
2063264286
9729461937
3572528314
6007512727
7961524926
1536654878
6140466999
2718212199
5657845581
7266095844
6486628437
8563354021
2214104639
5738036053
5203498986
5690399895
8195093749
7379014049
9677108662
8184013744
6471972311
3704306653
9934794250
9103915363
5197200980
4811916236
1951730214
9707044724
4515575698
4873849035
2908242850
6870821783
5315100341
9356311421
6318933406
9819602023
7337931053
4260834057
9943537773
5217276980
5561399173
5669779358
5321829116
9512575975
9608281057
3772272848
9464696539
8637947207
1314892107
9785132911
8469884031
1979712641
7045900568
3412148443
5276111126
4676701803
2781481655
4227384832
2975881200
2847500845
5652579056
3902792761
1912182003
4472402922
6735633842
4438929376
4042011233
5598447730
3396085894
7248080873
1765646703
1692834176
2071469485
5774407237
2380742994
9123251579
1384357900
5368364519
5695238243
7765501765
6726460838
3428644347
3391662722
5396967170
9365171491
7085925601
1789341771
3172105282
4118912889
7876008737
8261519492
1882638969
2653467585
7422622145
1084493556
2050941307
7155679429
4073297332
9965882579
7580904601
7432146225
3882155857
9009569168
2549485672
4742929157
1271390709
2287481867
6266065832
3298452061
1995038623
2737264988
8250244859
4257268374
3076120375
2442568004
2808539260
2991475875
9816555654
7960423622
4296004522
5110655817
5384182377
6400938624
5378707559
3615080238
8459228313
3722237708
1177778386
4174181138
1279246921
4233206516
4508960202
4058909214
4569899272
5072578110
9549967547
4527508510
4616401863
4023247383
9893033659
9978003926
3415139040
2508486665
2346762952
1728361800
2504607684
1371793618
7243083534
2298924098
8847972466
9097854949
2030780245
2154187408
2644014572
8075893408
8045181102
2206750680
9936647104
6301973021
1049759995
5901467315
3822130463
7079826363
2359692542
3770866129
4236278506
6041020346
7561921660
5045332634
7628824080
3197417269
9033690342
2006431635
5372878067
9022640982
7974864164
4630320547
7227998366
6598080939
4838141183
5564117432
2941781471
8060351461
2024808269
9956227134
1924349227
1472011983
3537051465
4941432744
7935362446
9240843361
1439951192
1003386113
4290912483
2439868331
7237838486
4632580844
4031204070
2190563091
3000682849
6821832358
2263856826
9926706024
4846398868
8558328744
2085674973
5222344340
4973935007
3352311071
8991162794
4399765927
8702725305
5096488200
9778818775
4222044596
6875603861
6550015760
9778598663
4410378377
7625633373
4489926162
4578774562
5247737341
1318738751
5841505707
7849011441
2941455528
3864538544
6750318275
2135442023
9807250081
6484684508
1045249859
9261746225
7762381300
7447479294
6378051263
2582225275
4363044203
5108239929
6406301580
6119802548
3989979781
5242921341
1700397361
2498994085
7718647310
7447585236
7873368436
6877588468
9144688995
4222179535
8623566523
5590256758
8821001505
9171856346
7396699193
2564036438
3030294270
7320971310
8924664115
1516805418
8226551218
8845510133
1055502518
3200987578
9656323593
2952051434
6032209462
1643836303
4094834404
7192346756
8590963896
9701656881
9299086045
9364650430
6469602464
5145235717
3500552506
5135974333
6000132981
1279692333
7878445484
1925543164
3299259843
4533002589
2777194052
5018399755
1844591159
9842337941
5065059934
2261694712
6139481910
5516958167
4818917718
6369592380
8460680785
5956670959
4608819025
5444957594
2039664292
6548063361
5228782299
6386553994
5396993770
9102819364
2552138945
1621104461
4444736052
5759081337
4681734264
9052960400
6063361114
4636237445
6362688684
9644849905
1653125513
9908150135
1403825932
7094670905
8550050455
8004092675
2826131779
1919449869
9482268304
3338057572
1637523777
9877789854
9231441567
2120852188
2882914584
9890389510
3001431316
9014232326
1080850691
4752259862
5821011843
4415104531
8102160440
5267204807
7859761686
9327467299
6811945710
7813096807
9113215809
3798068238
2862294078
4661362592
7151890656
9015598707
2581550073
5004828891
6522113450
8503695750
1465283030
3692328166
1921331908
5786643343
8545400533
8933671238
5085254878
8643980630
4647554205
6449461659
3994323411
4341247286
9436873158
1361823381
6619287015
1294163902
3691656851
8467223055
3258292639
4175375863
5503310963
4911656582
8519143262
1478676480
6082875144
8804319835
3894582037
5815237490
6446572135
6558967444
4240324585
6161424662
3767830144
7298553889
9706728279
3844816834
6724759870
6200235165
9880802829
6565264318
2653983440
7083344559
4958335216
2277208286
5364041352
8726756161
9909087031
7665706574
3465211672
1801127218
4149646532
1451854836
8585173911
5327183388
6285068569
6559562150
6727591993
8935065696
5627245780
1030377526
1871357950
4341135028
3952704729
2985491066
8131058692
7645378940
3220135596
6971650304
5094643643
8194124575
3324221714
6839645259
8567351654
7568605505
9720445511
8300473961
4564812731
7943389701
7563367674
5267949971
6879449065
6301889917
7072961028
1997897308
2178087993
2275897681
4317157735
5253310159
8863099536
4122361971
8057141564
6041898745
2670759415
7517573258
1897932153
2840939704
6406040177
8000983871
3611334032
1650408117
8250731301
1044901479
2138532837
6644168772
7807972489
5326830506
3540335245
2597254975
6841976594
7898414349
7180927618
7415341187
4563773289
1702711227
4340913689
6702443789
7033606428
4355469774
6738392964
9244311499
1978585850
1652269651
1978026378
5030953399
2229145984
7960812031
1017243404
7578389033
4853058421
5160720448
3921274555
5568824917
8914612405
1194967315
8173434666
4742663846
3382657204
7214694172
2635388301
4603707018
5757253269
8323928088
9352737286
4064222240
9455211952
6064720422
3354106987
5784440893
1862728732
9651200253
5042835897
5447909569
9390873562
6033791502
4363844878
3679254642
4881432871
8258976661
4038068936
5580477361
8223225408
4640772142
8714423490
5696285630
5800542288
2895047132
2423004291
8869988961
4594426221
1601474609
2553995034
5231366513
6604966396
9923468560
9048982630
5948188375
7141680361
9263405723
7346597189
4130384786
7429831979
7943556198
9882077409
5995115613
8263124785
5687373606
1265349542
8782625823
9061465176
6649694529
5644275181
5286406324
2902345020
6562572086
9364925303
1648074785
9687371095
8320896914
8468253948
6007918525
6760232389
5313744319
9974534937
3226769902
4268965490
7506159221
8992105882
9371320906
2182311194
7540972724
7059222848
7160715021
7170016629
9922154251
2144660082
3544895807
6286196901
7960944567
2558314646
9784795933
5820306076
5604529452
3302461746
8615571072
4903734297
5947878397
7254318223
2750651551
5157795267
1399214779
6503348519
1011418928
8419021970
1024313960
2956095497
6667053804
3313896787
7061186668
2107293010
3378599375
8789344499
9445283096
3218036478
3953339838
7956292748
9335173540
5438232032
1072510952
8107293235
8388587620
5121617191
2228614972
5657400681
9233821285
1036011753
3590874855
7141008256
4118542717
4509625575
4054722570
1433620156
9799032616
5087473682
7463743041
3916348678
2588639781
6886812374
6817526758
3621805853
6610571720
9104996012
9062182794
4206181764
3827136273
5389727047
1916066394
1158899300
8083042592
2453024447
2933788284
3997636557
4541960470
8316652206
3287599954
2613328743
7968577765
5311309632
6454940721
1471036535
7160232416
5442711076
1906985429
7768374407
9429827665
8927991865
6565474329
3915256621
6000427887
5437489287
3955484973
9402351058
7342812258
7269369436
3642953317
6807136886
5026933404
5811508447
2133668126
1270954026
7556395702
4440754013
5755041761
3975372105
2067945805
7616739676
8804545725
3238917382
9866633666
1412513920
2426148879
6155997339
8282163420
6353968009
1633789946
9245393313
4514904637
5703481143
3172743503
5490109468
4624797915
8719986365
7942276909
7084896833
7875720067
6817416141
9819109759
3766581425
6285398191
1857987601
6428059002
8744861931
5544360616
5939358138
5578795541
9408879083
4146166335
2452108414
5409988576
1518601886
3590550251
9955834448
1000638861
2411456179
9526995803
6056365945
3226075126
8827605116
6625350288
4728623983
1756249458
8075784740
8954733151
9887727954
2616226146
3142201650
3735103783
2412761285
9840606748
8343209168
5152391779
7569551323
2958902141
8189407121
1948516356
7156341050
3252044813
6581611281
3567992919
9954410640
4933944155
6491554697
9461640941
6388665210
8885880965
7647911789
4866947662
6585683967
9431241161
2941339919
2189279419
3161943717
4166873342
1625670504
8962051224
9121132281
5427738704
7834086788
4857781031
9966775320
2701482044
4548471997
8257622132
5222148001
6745251425
6262967934
9168095450
5150704328
3013951809
1455692044
1636373477
5544411055
8575213543
5702815616
4479261017
4272014629
8919108213
2885868005
8038796003
6780733522
6204293483
8862924240
1503517445
9438032017
9253197862
8766647440
9908134899
3578047609
6097007957
5874798345
1208532171
3065448581
2904407994
9971130675
3410128026
7766981312
5541093692
5750164572
6025008042
7661783255
6827464355
4490429546
9081231285
5199801871
3021336758
4140650317
3848999403
6873705130
9036238168
8356926202
2519274751
1086909944
5001829738
3740545499
5677546312
4874813932
8093073929
3610791665
5254009409
7956459936
3536700179
7372099689
6756044802
4780867750
3138636466
8835705864
3477260451
3144351826
6771243432
1214166584
5470199893
2952774673
8380232581
9384789201
1828352716
2382787234
1673640550
6079502630
5073793742
5014290451
1768851769
4025531744
8574493288
1006656331
7857458136
9511080284
6969525425
2596769329
8758155249
5561072261
9739395696
4136956564
6531663722
5136966859
5419811474
8102931506
1572409818
7527215560
6702711389
6687495203
6960423028
5901768224
3588951307
1023752075
8872268482
8097101372
7056705922
8574788248
4727887816
8304913480
9259169081
6328802473
2686061502
3996338228
8687967310
1652233747
7004110312
1962668904
3261125022
5261219489
5546105489
4699052655
8159126705
1467986300
3479116908
8838931763
3886296640
6253524890
3052847343
4237047341
2332451926
8492756884
3113235896
5434528124
2665217309
1493384480
5720668597
5165081340
9579391726
2931628701
8837820241
6256811120
8321873321
9731370836
3123108970
1105621258
2429701213
2709635697
6011877943
7685555076
8832987595
2296748597
4129766714
6580652062
5264667899
5423865857
6427278040
4853081506
1769769478
8548611080
4871657421
5827370364
3114081981
1994631096
5479345803
4781274089
1284982086
1815342549
7768781298
5603850883
2553680123
8902082064
1555827333
2880962853
9813440152
7075254581
4959366216
5076032155
4457098476
5908020427
3499044960
5392243455
5865211029
4232816042
4796067232
6867706920
3957380931
6981031557
1572851570
2523723228
6500918560
6839860354
3933073848
7326669689
2327169509
3804152864
3002651518
2740947651
1707597669
7437253598
3952386608
2117513722
9404875692
7848930597
1688648941
1858973620
1482450359
1791988432
8634787055
8964251006
1444721533
8086593967
2275620854
6433787586
7671409888
4437362293
4676881174
7801434303
1993005724
3768409599
7852655458
7599052359
2121234473
3937175615
8125407895
5928201003
1939005927
1307171158
2257461149
3114707809
3583439151
2261595472
7589361001
7813803815
2218374136
2035541564
5022760520
3336973901
5544750333
7496340055
4065566562
3489128732
3217196035
3573909964
8893431054
5542464188
2147025278
2608972367
3079246968
2442070229
5901538525
2523265210
3755884082
6525300163
8880077135
8439996609
1053294037
5672188287
5727415008
9735342934
8190223480
8911641783
3236576442
6574178847
8072529180
8916140239
9711595372
3798579847
9752518272
8692496566
7821968686
4610308536
3016044549
3408124472
7096467536
5929564848
1409575973
1507156055
9590828319
7503028376
8753000765
1842242427
4742152065
4619914172
7051211377
9612368031
4147385682
7600847030
5776426365
5370482697
7571652282
6231978225
8018169521
1468038665
3654481110
8327047331
1466567488
3637316335
2037495196
1269800151
4262298722
8825577514
9822930019
1204037005
7395956809
2710518123
4689955065
7231434721
1890341811
1246738956
4081028664
7010850311
4168495737
2778061991
6132588439
2429547295
8558892217
4904274217
1502795502
8078260720
8592266666
8386147098
3527920717
1167118269
2734675910
5518277937
7417062136
6735889293
1777912153
9260139915
3891914997
1206342920
2450805607
9280519977
7204621246
9495156411
9073704346
3839498137
6654937972
1962495304
5196975682
6217429077
9110646230
2117462465
3620326966
9364978454
5507298381
1873889898
2123192758
8773145383
5251472223
8902197925
4931681735
2315556486
1464677834
7183888861
5896793242
4033206452
2006674519
1115905003
9937300568
1731043435
8307703380
8777802835
6754766820
4180852749
7711281681
3503171702
7641508913
3409550031
6244346610
8955883858
4192672561
8159273960
3953109865
1524088432
1129355476
6661787356
8243420341
4647788260
8936289280
2027785338
7509656239
3610509669
5782089741
1673980816
4609472660
1437204799
5761254531
6535068408
5109037277
5447701540
3735911491
4645897973
3997379526
4364347762
8157896788
3877620243
7120076279
6612540508
1120372683
8847928493
6630611178
3185853516
5430391419
9825060808
5900371461
3805987488
8548383136
7648639247
8888882184
3444328501
8606065740
3327694825
1185224773
3389862167
4377979801
5238453115
6626282529
2594119738
1379862209
8838470094
2147788644
1704982843
9003324407
5074948385
3626420361
3498181783
9521365122
1738392461
9790786555
8619187365
5794125488
4835773043
6703027540
2952006426
4222551257
9973383986
2381117506
3477966679
6356079313
2542084504
6794411390
2654895246
5128334708
3468721818
6343381520
9157092695
4902089489
9831501198
5609764062
1093392088
5731739931
7204869797
8507210159
9816014814
5070370671
6209149491
9778136598
5917700913
4978902211
3066213819
6205343052
3042305828
7760898439
5121947644
8442221989
1634391746
9559919986
5712480805
3831156283
9187068681
8674056059
7144403015
8815623904
4495395315
8885310467
9868480797
7135391595
4698152641
7462327070
2394126030
1377586359
4355501861
4789978032
8763114434
8764371729
3083668005
7824307704
7764644074
3006375545
3193523979
8706620861
8032824912
6946380362
2167797778
7465540326
1633152242
1888375148
3203712318
6287111733
6828460819
5681154507
4422476977
5441946461
2399556588
7239942266
5230104202
5344984885
2476727960
1062056293
8865966108
6013022794
9384662587
1653248756
1746004968
9742924093
7132460173
8605152608
5260750966
7069197137
3919547396
1604179053
1317198574
9251192413
8147353509
2688606863
2132152512
6804290771
9393095269
8537239465
8036522538
9201988933
2891548732
7781023362
7274472800
5288770729
7613818689
6862809793
4977153189
3266492498
2480818496
6073584906
6843090717
8114622150
1222123775
8497450219
5467447146
2373753187
1274539699
5054592468
1112257993
4657550161
9628272316
7565757081
6938824712
7485707873
7076073500
6460584744
4422449521
1784363117
2558460182
8849892909
8173569846
2845549617
9207116173
5410213951
3929171638
7253777291
9908846249
3167443360
8624209441
8269411441
6418310853
2464630109
9152565235
6672869913
8858824460
2925390288
4929806153
6775776766
5444476129
5207053298
6140749795
6374114191
9092594133
3682123657
6050147013
7642380879
4129755554
4687685841
7332468671
2212300493
5315656746
5695558173
5011551810
2070997081
8869824880
7800246965
3984094073
5935480828
2333474277
1678214861
2659479384
9855252779
8632196122
7648653060
1373139799
7255262540
3005280119
9179544133
1153865491
9716930127
8757838818
2952467065
1893135598
2867978220
6413507548
2307357912
9332514847
8723856118
3547133491
6325847869
4999684954
7485033595
5133686374
3023724457
9279556350
7060992687
7203699750
1854015021
8152784446
3443090599
8916820681
2221959152
7061436204
3351302773
6950146631
1502033315
3234102135
9037988760
2197920470
4452460244
1278936546
3899377299
3271928615
7194946231
1064234818
8329123595
9187726368
9440408750
9970076049
5960443612
7043551384
6887578024
9290832669
2631417038
9017087989
9902633482
6721480277
6170981004
3396536933
6784261349
1385365835
2041477124
8805297138
3735993754
7783062371
4347487585
7426495492
2039620744
2416082138
4214732584
6130146848
7616747321
7866543222
5753799126
4602803184
9357501128
8266966254
3952727249
7188789800
7895167074
3473721577
8162585091
2507229208
8118341999
8052152633
7450091029
7191900951
6011977709
6456525090
1021019976
9472080709
3306332801
6589615178
3997617298
5731847671
5661305239
2492295858
9501233792
8456375327
2446664891
7414424912
7642186459
7908913148
1493763269
8612951951
8413634007
8618619030
5528105694
5626532226
2306726882
7562425009
4900619538
6893327833
2149090279
9452352369
1695739973
1403391617
5078294839
1191204146
2991811339
5894550809
1896788230
4704927521
5264885291
9652228246
7844111329
6776183834
3087254075
4126302206
1888799780
9419306254
3023262576
9342894799
5535920822
5751565723
6844695747
4657730923
2616304569
1703839575
9525221409
5653283237
6592417583
4792442704
9307054172
9949381746
4038957137
4816267683
1144657331
9884033701
3519830178
7884085406
3434236015
5281827553
6132628369
7253311324
7159993500
1059963740
6290716995
4667222979
5278859650
8658224470
1646534838
8931249657
1988734861
6508229577
9257684811
1135184944
2502527846
2999029686
5343349823
9175748641
3090582630
5845114793
9222870635
6699456643
1066528595
5551694275
1632462116
1039641977
3779095784
1890926683
5160963117
8526403993
9414585660
5315922989
8784625715
3102489678
3389953134
8085298767
7025401982
6945383929
6057308755
4425342206
7133819077
8824012874
3798775842
1350670631
3129546221
8438472266
8927150018
1741399223
2848477829
3724233772
5300973075
1947221581
3916584550
1845922812
7008696443
3414046601
6821406963
8963537309
2003679463
9917536688
1687909574
4572999545
3824383692
4359662068
6843040207
4876179728
7402631369
5842563544
6913715276
5365883884
9594340041
8337219969
7747453104
1307957190
7835964054
3452163586
1382087325
6964861146
1798945503
4649713096
1940169309
6860877316
7448523960
9758631745
7909671036
4675095928
5232225330
2759263829
7778917839
3659139662
1878572560
8352832283
2847245178
8055482142
3449257770
1298045905
1906990525
1114512220
5546855993
7922550336
8594265549
3301641771
2731934905
6228168479
1508846723
9186106265
8266687674
7544283369
6506679618
1963507022
1477437051
5194339514
4216715618
3836059394
4233420912
3726521157
9091967974
7894531109
9453652503
1702315669
9934629172
6543233211
8642109855
1377325584
6737500398
9669579466
3080462152
8049313527
7591704762
8325926744
1606712286
6064079656
3471701939
6163415889
4840581029
1949835161
3405016893
1226147629
5441801234
6784076233
4053663717
8960999765
7303782091
5406068267
3462759698
5925828667
2630561810
5557264360
9722985789
9358141645
5653046485
8771657861
9628687839
2159624376
1098293444
3625362064
3715313293
2296218908
6639249682
5791218492
1893887856
8653558704
3196358465
1216396645
1786751200
2371552382
5315289363
4429317920
4076505979
6544952274
3687205816
9743962457
2700921146
4542109544
7529293720
5831601611
5626705354
6269102227
3003499669
3728333924
7033835708
1798501526
9715400397
1038102324
9991866703
9558838505
7438261397
3392548326
8679963295
7040576213
9768023867
1777972676
3415251396
8397701540
6823227291
5099722576
4770203812
2402892183
2563225223
5520340627
5439022668
5691378470
9381777836
3385382508
9573644271
1715907502
7966476580
9697880766
7754472191
5683172357
6081767446
2180036741
2981367488
9295810184
3389371142
1964529500
9938012869
1671735133
5684222734
1140485696
8443096290
1717426619
8526460582
1708402712
3150633360
2745500618
4540146497
7000167444
6853703087
9734641478
2980551781
8042496113
3146471965
4548826255
1811421617
7537808982
5906206213
8071204354
6259996920
7411359101
6806591514
7950227678
4583089526
5881703385
1726636527
5440899947
7060736621
7568645183
8851132238
9422036595
7344405563
6018688374
6326263934
2445993258
6906839481
6956439158
6819425101
6838656260
8215045291
7009236514
2474318104
6411690804
8774227896
1157874727
6479780512
1172105690
9979136243
3892771355
2910863264
8964645950
4227670085
6885555141
4772452101
7758828782
9401637706
5955923721
1276918724
4710918588
4830608533
8498127694
5741053423
9939043515
9721646784
5371940307
1779500189
7103304917
4229029198
2278042971
6763414281
8039552983
9103098865
7898735284
4602890632
2683229617
4638269653
2845093103
1929611358
4316441008
6730699533
1274541938
6954553244
4216299497
8350481952
3924502745
6008652126
1229408782
3958866968
8919559028
7475911155
6810007757
1015693269
8996761294
5094759862
6549082031
9728666686
8157261681
6773394760
3657065836
6540624131
6035076274
3523323517
2083052849
3363909710
2878943612
9145819882
2513266412
9423966422
5418908894
4988076061
9954177544
3167771359
7898614790
7909518014
3665605094
9515556363
3652058163
6752789051
4323072364
5063624715
4616822223
9723267423
6593503023
4885952244
8790091879
7807678230
6647006925
5207340932
1518568633
9187160212
2250946261
8711793899
3358448789
3152210118
1940884606
8468310431
7266569357
1153305823
8991492758
9909406429
1811246893
1371321930
8340499649
1632515201
2407920854
5052681751
2724904048
2630683111
8809222255
5571126003
8222067218
9988941301
9645486299
5818186324
3340918876
4784394252
6671669923
3232466599
8313119987
3772533448
7233746150
8987798733
3325678876
2220940896
3626577071
2765306161
6467889630
8661574074
5543954928
7895176624
1632077663
1050474646
1761671416
9564988908
6641353521
9791970594
4490450009
2285321284
6176906691
