5404607853
9884595994
6251217664
4183008348
3457651484
4174100660
3332617921
2507164879
8141761485
1971482966
2541463651
9444855961
7708986360
3289364381
6573548297
8059316020
6199810075
3587964894
1600777024
9629958356
6253071846
3347809186
7216554552
7896059038
9603147875
6104664878
9596771496
7990554715
7193423543
4159815654
7924627574
2096238541
7599248887
9529906101
2639989791
6375204608
8451140015
2884466301
9046720387
8330455321
1173316193
8923872090
3094165803
2482148610
2417476774
2664976887
9152562853
2145142005
1935528083
4128592756
6919289910
2219772812
3162153550
4794950458
6121222437
7726007305
6398271365
7514554192
1255788264
5803090644
3610745509
2654752484
5318326528
6351353892
2969439317
7381374745
5377327949
5102884191
3937521937
9477900345
1417401714
9317401084
5734366937
2478873109
3032013046
9367280149
4168882730
7640103935
4780256733
2420068310
5610380079
3349262736
8791154736
8053348977
4386830758
8146375617
9619573608
4204546449
6468631730
8782911266
1770827956
2779076234
5489982356
9900491168
9214573670
7832730161
1916353758
4624868452
4948424780
7782374981
