6923854752
6345766056
4279867365
8927207344
1327678179
9054994390
2238146876
6230090825
2405213008
6933902835
9037822733
8540270942
6376150386
3554270050
9868984588
6963368868
9280423583
3283302352
9282429191
6959018202
3023281348
2725856030
4514245324
7430448455
6736674165
7161747985
8283333714
9088589916
6833593045
9139546817
4823985235
4843566620
2894726432
6687358530
5662264874
5235545290
4156239675
6083799198
1265792070
7840790195
7730198139
4182327555
4697567289
6637137689
3318684227
2093276764
5396376087
5125289180
9142047713
5340890294
4894191728
7909094332
1925891131
8172220193
4679382235
5083817329
5479372651
1096144083
8269068719
7073504410
1991337820
3502170286
8369741575
1429256147
1803849710
3187179606
3990852898
7121971830
6983218982
6540449983
7546919314
2543587249
1555063582
8098883102
9292640408
8264161009
4341940689
6169825399
8137859026
6298931294
4444995247
9829680676
8228269650
2781299842
6377078956
6272577205
5377830681
1435094745
7306839599
5521115841
2081036616
8495529934
1525350784
2951443040
7770289827
9164754915
6351703775
7313836350
1623520077
8686736842
5156660125
4172938870
8930283714
9987275897
7919040644
9801619244
1747602091
3288348970
9592337459
4371814722
9765152298
1184867262
1337803153
4178993049
9252458040
6676054737
7819728936
1859511758
1237513046
7646138628
3797152302
4831374126
8348805626
2479700387
6046845511
2392032268
7905295609
8640630783
3647362844
7496337928
5090127480
3632383228
6892381306
1860006673
9055048161
1194865239
9695960298
8715820743
7721135708
3110570214
9901786401
3762541974
9361749755
3739057285
5640671984
7383663015
9716656501
3305407982
7591982993
2487077586
6922379675
7482154306
4216802401
5887969152
1971717677
4534688668
1247755391
8632736302
3865802993
1792673129
9027739062
8167515058
4020751217
9858983055
1934775188
5372564777
3574536660
1514694124
8161663576
8116770470
4620420973
2179079136
8197199602
6463277420
8974656471
5879804240
2545748537
4202103508
5834968767
9189603347
6882005910
8384868814
1196129775
2306185285
7162359303
9207903565
1324113852
1885213922
1725331032
2251687442
3652516344
9507770443
3261331048
2506947604
1232416024
2801520389
8297944124
3738741739
7874430468
4707030134
2159959300
5005814310
6152296131
8346059505
7456869891
9824015704
5492189157
7048469840
8960815165
1892305433
1250355806
7968106761
4249215817
4398194674
3473357848
7229648966
2308027281
6026262227
3513929354
2632611981
2456461228
9973793613
4832076037
2699917095
5145905103
5912955771
2601438157
2204994111
7556430898
1592938432
4033769847
2409114720
3645001826
7371535990
5505778627
7701173349
9674955816
8530781570
8878216254
4987673842
1517581804
4880310712
6214269234
6521738781
8285128096
6007540742
1863712996
5512007273
1888023696
3688992004
6942937069
1535648092
3656376580
4905855806
7047675304
7849563182
8113345896
5476904283
6096448668
6470643538
2416297960
8560416834
8349170444
8254168788
1836484054
9248840143
1505361038
5915337237
7910215291
4000963052
5093942527
5181284609
7180321362
8448537247
4706531043
9879787028
8709730899
1547718883
8730198214
7233274287
6014788782
1916659199
8687971478
3700034342
2017721553
5995443310
8189782201
4873466545
1458124849
7552069810
9363821531
3667141881
7762410599
1117585554
5210402871
7894226697
7214390742
9727804278
4704983928
3697516481
2660924167
7475305570
8245916571
1791170335
7799562262
4022334779
5870436067
8344452960
6131795880
1876677164
2271239185
6983796109
3746181148
7171544878
9093279812
6666935576
4550945902
6483216569
7469616945
9060399696
1016445770
6751740183
5368964314
2252406063
4311772177
2070616881
3878003291
7783159717
5710473074
2352851639
3131295456
9760403112
7962645171
4787245607
4940989619
2080205664
7713781486
3323319969
4508058221
7983605438
1466410204
2848353220
7201908211
4559403887
4826028307
6744622186
6183263093
5066306372
6164330659
6025193236
6163342479
5974942424
5224882130
8402794631
5537145969
2064199665
6684489517
2413273975
4814598280
1488881004
3512615149
7317391327
2491448774
1410719436
4115063734
1881696354
5859910722
2625921165
5683800720
8474949560
3654793773
2593592038
4030789983
8119816328
5918149788
2724958154
4354197555
6351665043
7243211327
5904059360
4569068237
7860882292
2021776206
2736310096
5114158704
7110400783
8180863506
7330499356
9253675539
1972760397
7468446420
5014754635
7724527673
8887305689
3146668471
8469670952
4449052814
8164400540
8724543832
9541344959
1397882925
5054401972
3726614321
9520698188
4826106699
7635194730
1037209720
3521061318
9265055212
2242689077
3378325355
3514843167
3006377126
6401832075
2309572611
4218371215
1005870703
8912065197
6295251860
2023060354
5925188814
4862071627
3112539613
3295151735
6100517993
6801313674
4889339428
6135624420
9866811414
9528740288
6262361865
3223036968
1738333205
5486941682
6483495648
5047742121
2758863453
1846772740
5619161413
1299765391
1551729034
5434953588
8252473190
6623580979
6392891816
2378488930
9182841628
4851666804
7759118573
2944041175
1074795371
5523239567
9940727317
1492507744
7436286823
6627034496
8630433327
5965059758
1339334354
5397986443
3096550448
8052398047
3081609162
4003897053
4569003853
2280842855
7668042159
6125250983
3187462083
4738470864
6851925113
1725447481
4510306458
9758391264
7857785088
4160448545
5907177184
1124017501
9063237453
7070539946
2608890590
1070504111
2466469745
6007022567
3590171977
1130744919
2982870124
4837105772
9234107069
4606604560
8137590088
5706224372
4712895712
2122585864
9088855106
9545853101
6904257595
7951883608
3232683207
4394912537
3795304158
5410566054
2718697092
6682050797
8483072973
7147879849
6666136464
6321925998
4233657486
5892436097
7199600439
5691435833
7690545987
4466611210
8016056387
5051574030
7553555284
3471422076
9160582865
4248982251
9985135245
7729460084
8129791953
7525932619
4113210382
6472958771
4979410728
2727065456
4198697303
4438932040
7938756974
6676735532
6424944778
9732812906
3342095443
8379713734
3611595721
2895507902
8754851514
1025952755
1194873547
2791376822
8172551321
4953323741
2879877139
7800572825
9096677558
2728687616
2406051823
7894985432
7830259687
3053522180
9104486618
8068108239
3604673488
5803357952
4558414925
8204568346
4623752340
6017302979
3642573564
8011237853
9169678656
7745262213
4619113797
1091649166
5753568611
6411979809
1611853011
3794634130
1530332229
2375509356
5486063235
9856829079
5680476792
6706165910
5611179383
5819952905
7390899722
1748390802
1526926465
8000346898
2212048345
5119087878
9667750215
2035588957
9292299258
9386496516
7695106415
4941053363
2647085892
2808612113
4601716985
9860709194
2918693499
2260336394
8740648291
7848362284
1657023722
6459631499
8403919679
6667039597
8582105579
5406247084
3400700390
2260167064
6699812282
7019570271
2330769903
6248243640
6423299793
6404071804
4931349545
5495683391
7735698758
1457161018
1436673038
3385317270
6950797180
4803056684
4286909808
7352176961
4758633766
7725945419
3366701224
1174385865
2169782490
2314470955
7426913758
5461863332
3701337765
6644016285
4583558268
7290498553
7508378526
8628323069
7752392657
4262407458
8787332819
3442906630
5585063905
8637928266
9734939097
4744580635
3495103274
9147478013
2629709602
9948114031
7432006786
2446483967
9675789501
3093590011
4798600966
9164381558
7788284851
6506962558
7850999632
6865936893
7933804873
9095838290
9608844001
8226427468
9013748456
1502107563
1198870608
4528834990
7106801872
2524691768
3524994392
3462666130
9776581145
6436978223
2919561998
9461143778
8946206614
1562412662
9170371720
2875758245
2016277137
7539947521
6226907040
6730447871
6552611010
8636215812
3789954015
3952146607
9600026314
2589184305
9974720149
2741106566
1135929637
6523583504
9834442873
9556101216
9549277493
8787123548
7344162022
8320179124
5942775329
5882857167
2243324540
2018248581
5213141997
2537985349
6663458444
9000250224
8775636117
6295222185
4761136351
3234116544
7011824682
6981225148
6462792302
2698356793
2206303754
5246288628
1975674972
3201511345
9703421022
9023055586
5639929557
6623210781
8577637004
6190841219
7972660685
7964554506
5396715963
5341850670
8331046679
8798812497
5424102418
9252154517
7549924466
8673611394
5117454690
7322046485
6644549569
8899656982
2478284093
6387093615
7285027564
6298857757
8804877059
2414310683
9772358000
4100423323
7891024457
1146575870
6767023450
8874379977
1257856792
5998036967
6125419273
8851022701
9244848956
4653678559
7241312064
5864256391
3883983787
9545944487
8706294309
6565519948
1412663614
8137032681
9393916391
3106521161
8001689766
3260158411
7051425817
8744306808
3575793417
3655687939
6898687814
1950034316
2160717899
1570565530
5631705970
4454587475
5246396895
8172927674
8704910034
9348694905
6013476219
6274979097
3982459101
8666048624
8280140824
1511540195
4228298818
2457041021
5039598642
9032744502
2113259529
8970911511
7981044450
3639490298
6665784190
8270227294
2084862611
7261066224
7522574391
8978877674
6382787517
9550006317
6322873396
2582914749
7333792865
1458907125
3916079305
7246339607
9835118954
1016052372
4809193680
3714768329
6363312194
3274306193
2968114381
4959647196
1453013877
3716324603
3548716194
8024166763
5623032771
5794876110
7824172404
8199814256
5662016695
5005053889
7960055429
3275832716
5865236190
8992394996
4928405268
3131956693
8167092362
3384899910
9097543966
5633639332
8382099255
2726438006
5930320252
3619468050
6352145492
5811534332
5645076298
4257672920
4973694616
5589174906
5804724179
8698805515
3356677762
4630304359
1272577269
9979593601
9936452465
3534409537
9231506965
4784056047
7827699751
8477749972
6383811901
3012441717
8321472702
5986968143
3420978873
6409203035
9968513812
2472801285
6141367297
6390397116
9343247710
5656290505
7639017198
3719154398
7104847970
5687858725
4642945459
8923761668
5926284042
5711268483
6280851694
5942603183
3904469425
2413551035
9357688746
1793248219
1219023992
1885971521
8949744837
1912431275
1795855023
2243388871
2836108660
4643263104
7030584924
5206634068
1055778045
6477273187
1899773723
1366801166
5569283134
5145095422
8284724076
1365448235
6779808205
5295801435
5247975358
6885146786
5892752154
9075030763
9011644560
6546237862
3560431981
5780741074
3820652770
8980934591
4729579858
1774695218
5997126475
1188973898
5538846806
9489697612
5891278474
1834506203
4824571230
1183304329
2374633359
9707503318
5118684275
1721124975
4896535477
6326840857
9867749881
2860387175
5754063525
3498627465
7611564586
6823128745
4377986496
8310024804
8515664364
3675323312
4291267034
8790583326
8243400375
1891891368
8748947450
3870920335
1857854499
2203234787
9664432710
1487467174
2940644687
3713525167
6452549359
7936792423
3378885278
6494688326
3091064831
2449923229
5668795411
4930685767
8018775620
8067254957
9084749421
9856404908
2562985578
8170959336
2011327314
9433513575
3886039444
7729430867
7814571184
9219950025
8837299617
2249271781
6772443633
1836146623
9576302414
5412467579
1745196018
7638175297
7515917260
4922224637
9587323575
8132830913
8344000861
9065006442
3948429801
3391174540
6016969745
4643781451
3025411909
8091150442
2844175001
9518502603
1208030849
4008489680
7989253251
1772029590
4654439439
1888985289
2634585499
1755065930
8615667223
6590876355
3069861889
9396690629
3181516465
7414551131
1598365569
3167263660
4040302143
6598031256
4055236371
1214316891
4481930987
9266254410
6008531442
6383571134
5103876882
7454426399
9418673825
7681745996
4937309527
3771126790
8449683910
9143331617
4882886114
3439170712
5066667516
2299922357
3791464508
3742517582
2242390912
5339698984
7063504827
2980660604
2957209317
6534448103
7696122545
8621030741
3483231551
5083779919
3815416477
5735945698
7116050321
5817832795
7732615217
9415795803
9381426381
9080965018
6416414603
5172006490
7199055514
3622319269
3991683029
7811513754
9893644980
7419963516
1824132623
1781419793
4973221487
4888561866
2214674947
7314465382
9764386884
1388932014
6501099648
4674517296
1445869644
8803229453
5265251146
8323731431
5275387123
2160448282
5002397210
6586753663
5807367642
1382888336
2144689703
9617072361
9572094874
9641406946
2882687015
6801254103
3919473545
2413410898
4690367516
5818352875
4377939599
2463528397
3441533398
4236774837
8970472567
2882833918
9720288011
8445895261
3941804100
3994736535
3762266302
9291847909
5037642195
1090398896
3266830738
5745752202
5391384476
9448072355
9881114246
8501086269
9621835570
9870359209
8098235465
8934646760
3580355166
1188170660
9390648919
3868792550
4515171900
6378217048
6376530252
1777007207
7275613072
1028108066
3992629617
7543034235
7290411341
3469157624
1348579000
6705263064
1283016169
9743083519
8189527874
4834271802
3420076075
8591811099
2066799717
7842508313
8366694644
2789620007
8642553099
8535234574
1262687197
9078417021
3949584182
6655471449
4469835671
8819535303
5378538020
9365817718
8025815740
8889293978
3538250186
6140855215
6335938919
3504462314
5125122297
5492125963
3245081839
2342658780
5647705992
8456846010
2979783963
6299727387
7370688020
2173947211
9387639589
8480140506
3804258979
9494199207
5305222369
2740158902
3750182187
1962368171
8316504518
9325143490
1271119992
4299308952
1208392307
9038146376
7345975193
5575973795
1441931318
2129213833
3875400861
2270161233
2613366578
1612602816
1608456042
4498313709
4469944534
8126313417
6833632012
8578755287
3971753075
8440986033
9305451074
5570097981
9912264576
6704463784
3287864662
4642233768
5766961932
4202817778
5632949155
5751900893
3722779634
4864495443
4380540212
5258283719
3732780281
7795455733
6290439237
9994242658
1025670313
4662423026
2196448693
1825110469
6968855410
3690033820
6875220992
4206760785
9431998617
8993874512
4301763587
5669701063
3090173743
2908840757
5005148900
4003069400
6276031245
8060118473
3167331314
4436249521
1810316494
4615436156
4239386555
2082192424
5730695473
7000765981
9498105625
3026010691
6669300575
6980158906
2863684882
9306981195
7442068832
9896787599
7046229350
7481520038
6296145565
4600247624
5298468420
8283395852
1653390293
3483541632
6657961804
3344585945
9115421576
7246536300
8043617113
4029447136
5879836883
8473430985
1206805187
3250632656
1584942447
7716879511
8382697820
8068050328
4813467705
7151841834
6852858804
6390801272
3440361424
6313249691
2858414516
2979538043
3825409724
6344741109
6327637407
6395247302
8586964371
4224234969
7521292370
2774344917
4092640812
1904730633
8194150540
7570430217
7211118725
7617936737
5523006854
1967790560
3994638354
6232795206
8888523076
5447069839
9157903772
8229013271
9897551206
4019391964
6800534394
7551526238
8231137659
4931087764
9097696190
2579419904
6552267747
3399184458
9918726313
2240841367
9783372776
7065847058
3997445860
8796677353
5953043924
4068002451
1788598639
7242594491
7035147899
2411608846
2023332553
8160995588
4408006693
4966473777
3316074549
3956897705
9865849711
8365719371
9892070753
6286931385
8127387485
4256430365
5729802625
3077693453
4659778574
3348291702
3250391921
1222816775
1543847834
5635976076
3365336024
6130149274
3525117413
7728029242
8546639842
4166428919
6197275037
1475936949
8221064313
8707673013
4477729248
2525330946
6964966990
2626138275
6464326748
6181724262
6880927299
5119256860
2562560867
4428238983
7338408496
4560949291
4724853806
4146024228
6772692775
4057410473
7576044865
4077876415
6370573661
7509949508
3660151510
4344166427
1491417526
5154062955
8769764537
6933307572
9867959377
5870756252
5095751779
1581137213
3731532753
2337734522
4230625458
4149627781
8171032558
8394435707
1552279479
8154079109
2068677887
1590512662
1275409071
8238291261
2708174869
1427397498
5926307003
2644487275
5253976791
7033009904
9386816108
9277755884
6874047932
9571787174
1756702508
9733710357
9609842426
9399495480
4762475965
2420788410
3735891941
1142610516
6540215509
7907548592
8462759765
4882553280
7576612822
3731752707
3957569910
4304161775
2035912724
3079872551
2819812302
2973256572
7830249681
5752901228
4521954495
9386796815
4578052088
1787795050
4283665661
1940502279
4321425206
6020265114
8462290510
8279562851
7517423077
1528460112
2553481302
6597838884
8572194898
9583065664
2832944187
9365122279
2386415298
2229793549
1596014862
4572972588
6668852228
8437895534
3789334884
5967503836
2035936010
7292772501
6553094148
8145656627
5753402613
9735403029
5740580171
2230877801
5335305517
9621727781
3222271123
1643262778
2121729286
9956604995
7492362933
8262493134
4029192822
1922438120
9731117680
6906305297
5548003680
1052263652
7758741655
5309193984
9365474539
9164080600
4909800800
4578229653
3683380770
7868726992
9847555502
5079304110
5191477390
2847285608
2486798413
7911975377
6722768552
9070654849
2619073830
2558243153
5744843024
2657298825
3924603828
9096378289
4902495681
8842623705
9915378869
3422642995
1070593476
1636856658
1669867708
6753625888
2805020283
4406827600
5344805481
6105498303
4326344442
6738211268
4805388170
2573322637
4890650848
7937412614
4864013526
6354961346
6713706628
7468352801
8726512578
4248024655
9419308472
7933989881
8418675739
9568689080
3721897916
3050666285
4742613524
3517255579
8247293605
2976213922
6299769735
4596483243
9902389916
9159654842
2669259275
3686350607
5176868578
7185490675
7209990955
1328976696
6645647909
6164488940
5827808474
6365889018
9948329068
2026652403
4397104512
8963777314
2213569567
1064946954
4321073238
1347716037
4626300987
9871887048
4927153762
8706417167
5478721033
1441834291
7023084456
5860747246
8202595562
2592960070
8451021857
6721339551
6322540823
3878738777
9288603910
9890414736
4254797842
6634687113
1816200066
4031265792
9582975069
8796344993
8711515247
1349444241
7494148595
5759131697
4322087681
6398148295
2283592182
1900867328
7540108521
5445434643
5885805811
1819365452
3251001725
1819502904
8642560405
5644932637
8579811576
9996181359
7292549687
2560401591
8977486496
3351367688
5805028783
2098238739
8647329071
9388275519
4599005495
9467302442
1435935991
9044370085
2851029063
4399382223
4897207136
8715677702
1730812592
7489341380
8021357190
9080768329
1845422734
1849608291
6224639776
8790671444
9107832275
2632703689
5889423284
7685253154
5207198802
4118708340
2117698308
6855821898
5301339728
8383669949
7186287803
6653089964
4372970958
7824589809
5599182916
4263889340
8224843772
6675063825
6368314666
5736660157
4314034894
4911671717
3736198978
2645206133
2997947422
5429195324
7633908254
9774315000
3792361587
4273842831
5266210469
2197463355
9449256899
6624721304
6565195840
9117915642
6135406661
6183830650
7536727878
5455421179
8733178617
8292618434
6740473433
3372255405
4237470508
5319667653
7738967992
1308146419
8709455952
8974210583
4642537973
3437897430
9551075649
5546458039
3601213386
2044197882
8711423597
5588530631
3579195936
5595698992
9902687087
9847198362
8428140771
1292279873
2788244244
2126020797
4968976715
3583910734
7257895450
6446954016
7840161510
1804442603
4499797955
2590321314
3420898904
1657226856
2022484270
9770607434
7615099170
3525059703
6392819132
8881239824
8641190887
3037585328
6682980811
8398267868
4867849722
9177479396
2919508211
6606933797
8706901189
3991759426
4590937478
7815248026
8490025119
6447853849
2313164461
3715093215
3888255494
2244677576
1165334384
5937364891
6811651151
1843867987
6988153861
1606326026
6029407074
5140136987
9105893766
5738923250
9857536379
6721063897
6160904625
7065157945
9596835066
6241229059
4936531686
9078945445
5070189931
2671638358
6412984954
3420059394
2711649803
6337095489
6839038681
2275660203
4604156282
5050733508
7448642071
4786984363
6487227499
3098182033
5745373445
7894636395
9605843716
7800890176
7430451376
2910417077
2654538019
6857428316
5272371091
7901521890
5912314590
4021121295
9505700616
8456491348
3745459300
9775772835
5473068749
2886079788
8168918115
9989663909
3214348658
3290064345
5306256230
1832744558
2404644703
9700108575
2392306001
8096415991
7439767780
6060633388
4072659416
3475064602
8765689648
1688301487
8198027412
3044884696
4800237143
6309046121
6349395494
7261439283
8697014996
7601347221
7567210449
9042154388
5774479574
7564115587
1914341340
4553444001
6708463973
5249682266
2990788890
6945176006
5799309801
2999361672
3201436328
5224882417
9456583767
3256289531
4069644421
4085399262
6648335919
5027445383
9163877191
3798355989
5571055139
7607406288
1441019192
5470783909
8756133782
8759828605
8559349698
5919289211
3149230763
1110302803
1438459682
2356046814
2382939051
1238305426
5994730640
7751976383
2270496041
7080972848
5411432985
7330817298
7820628192
2528963726
9085962924
2954137617
4789597516
9844446616
7899434828
8039361333
1403369781
4391930871
5593589123
3048165787
4503852147
8931873832
7898622202
8234641285
8519925361
3706261116
1126387691
9293675999
4217727473
1278041730
8457514101
9948682699
2297303636
2376996956
9042859494
3616816093
9350177338
4764465165
3515458589
3859182203
2084237794
9186309417
3281657007
8069321512
7981413049
1826240420
8215406813
9438460843
8528845574
5414714590
2368417832
6523680512
2077642503
4279487836
9365289242
1080405406
9892108108
4550840709
4427124902
9900341278
9414793003
7389543619
4736960223
3524702700
9504944373
9671179469
6193103065
9134487437
4762690649
8592360757
5473404455
1030468134
3516000832
9126180530
8076695260
5928932308
3794289645
8064412980
6225799703
7279395739
7023625906
1334986633
4680149092
8187295923
5532174219
6762098157
1570959638
5607741565
7632350682
7768594210
1652149127
8297424474
2293243734
5571085743
8034658586
4521683337
2381913412
3932525235
9089019707
5124978084
6011307443
4462571563
9248862899
7178803599
5316760933
6950179249
7211409457
3364531828
8947918902
3445595211
9011635236
6755645756
1892870423
5433070573
6046382601
1151604498
5054673174
8539496197
4024030975
5484965824
9284456033
4058650017
6822661874
3178541155
8494350996
8059031275
9247721696
9379605424
9265818859
6597104656
4434485030
5105036281
6111659522
3264500452
2875650582
3050480031
2650669488
2940942022
3470624591
1788088252
9215609988
8961429784
2949253496
7549679903
2440150055
4649238155
2108305470
2878756121
6416257215
2311974886
5507181468
9355784853
9959433053
1857352504
6163728266
9743486298
7921779552
9417630015
9811006843
1498576486
8016134107
3152830052
4122085313
7619879950
7305704601
4615470465
2545013210
7440620523
5370943720
2007590733
4528704037
5962566060
8872744202
7843552995
1985128852
7507374716
1900508459
8213958856
5235203459
4117465762
5214038136
1693913853
1211428634
1109538235
6000586176
6405309282
2937937783
1860301458
9002480562
8759980401
7683861286
9966038888
8555220228
2344321497
3935625697
3954825237
8938666387
8776589449
7975386456
7182067697
5754594687
5002364252
8115936591
2897976012
4056090474
3824641543
7143440950
3334210873
6128950050
4904005573
8283213545
4096377904
7240659095
2480684297
6805059427
8165905798
9211340422
8511785767
7545357547
8031084929
4979779030
5069327283
4967451223
9574554892
6083711179
5704357855
8971049956
6991715546
5648851180
5741331106
6199979370
7983061833
8417648440
2280563084
2326880079
6221679369
3202314586
3035513616
4780067002
6437864770
7919570234
4869871425
5452283918
8035079262
9142030449
4883092085
8039671439
2005277385
8179048191
2714291195
2095700025
1692853186
8316702904
2700376447
2982586119
8468455688
1914166712
6271125552
4002715395
9165156215
2618797298
9362241028
6859116834
6104033737
8081350306
5936455610
2702913442
5702920137
7255357045
7552438280
8198578542
8823620914
5395619547
6367413159
3367227445
2664505121
5485947895
7522993585
9409280256
9964748991
8143918882
8382672753
8008006366
1552398530
7568596575
9066400726
4715168275
4146621622
8457125035
1233284623
1773503714
9712939630
8152004224
8979291325
1907658711
2115786007
7785951034
9863368079
2300194191
6560510169
8441225549
8207344212
2286838549
4336260428
7974594167
1298853996
2455189538
6821539193
6678986055
9731603390
3780858775
2450294208
9842692161
1095527204
2718159135
8513333772
5118432252
1349056015
2028646319
2536628999
8697635072
1494370227
8914482437
6203525013
8014969742
4103453602
2092212622
1277634688
5762697951
2255550880
1797589635
3503051339
8633048919
1653104012
2435449308
4936121198
5406970691
3976664318
8114975698
7280637590
9383410958
6323102885
6003842450
3177611548
5780498555
3013637413
8201909314
5492681515
2203651886
6556765433
6711504470
2637114450
6977607718
6345959472
5338206342
8746387218
4448081700
7189265739
8752178038
2081190917
6852536232
4038731427
4451274474
8514045651
3859370933
9042838673
6819252073
6433933774
9545651069
5473592943
5703510240
3166780747
6267998782
9172807111
3141044720
2933292330
7700313404
4555223258
1584738464
7339329829
5736399008
8608672173
9046664869
8097747063
1779826192
5511178259
4952187096
8647986417
9144609442
1197332161
7890891457
7767966181
3705899698
6101034667
8025267386
3524703389
7413576079
3331214007
2458420103
3760695821
2612251965
4934475273
2420212039
5861218362
1334022129
7831333295
8049363107
3375523337
1278883315
5596667076
9885358964
6173631056
7862343477
3100246455
1481065142
9275402503
6532027888
9993047652
8642922715
7658457725
9395006914
9073133172
6917294349
9867910098
5292310890
3365594058
2406790778
3192528442
7384215891
3210550866
8028405496
2102796946
8059410695
7364207670
8766577034
8133072737
6215495848
3546332676
5569158925
2715470735
7919816682
2125234566
8796680349
6971481671
8916550007
1084955120
5925894638
1945305947
8973608444
5440815060
3701439205
3892839166
1517612525
7809809483
9798724286
3113639517
1785768424
2659391934
9344899142
2087710251
2727300703
4896375789
2435651656
9861378098
9839702181
6563131104
6695152788
4548809558
5827568448
1311978810
2341844740
1023455143
5171038378
1852818014
9539270065
2817475251
1513967132
7484778781
3989232124
8183822093
3243462982
5836553265
4286738317
6246177382
8137103179
8798046609
1388805046
2724893214
8755007958
7661916048
6149625951
4015641131
5287496513
9938106829
5691904406
6142811833
5401336431
6024925221
8818639542
7329414513
5296628454
2122874113
1045745133
9202974190
6555213000
9681171702
6198441915
5324791806
8648297809
2934976591
5491326253
6487798391
5031453104
7643269987
3273970408
9536965898
9866624549
8925722374
7403630633
7424586954
6584347345
8445816142
1404105802
6479280784
3202373880
9648501442
6208000682
4658948270
8029207743
3358314976
4278158477
6403865133
4939941390
1844125567
1329840117
9229596143
8953387857
4881991961
3694417158
9810456678
6434859559
3668598683
4242512928
8029196764
1894152910
9700099677
4311856386
8758580947
1864652730
1667412056
5249469799
7154127276
3910619271
7059818838
3314530222
7135307005
8971583402
2778540311
7637359568
3070984644
9125367901
4359264160
6800170137
7427267381
7246577464
7831031723
6374115760
9485105491
9079108179
6166681649
2501466093
6482571967
2426646055
6432734417
4864319856
9148864301
1184793048
1922464004
2587322544
5088226350
6444342687
9945955753
3151904987
5857335469
9885058718
6844321356
3107841564
7263831573
3851571177
6867165325
5951363006
7676422394
2448718407
8676104093
2692230514
8966732778
5132573903
2774095088
1291643064
5960124221
8100798926
6835623259
6391606763
4497389546
6810718633
3831176756
1053437617
8616789244
4634853836
4715410441
2196475055
9887759567
2550345852
8167755225
8869961104
6060984939
4401932461
1037401762
9723693815
5173054458
1514248732
8625867792
6759558751
7847073948
2920677072
2407364464
2632744887
6294251676
8469632368
9823402207
8191628021
8229580572
7594058077
6720028267
1604878981
6644434404
8600373025
5192834223
9089806737
5004604114
9027246079
5007348561
5950881032
7785579667
3200771732
5700857084
1169521871
5930549640
6328063754
8154402978
4946995028
3539720622
3616594080
4520004721
8876399077
8482115649
1086265559
7663194733
6633023801
3271546193
8414271117
7839616404
3250962708
1284093441
7058284155
1487321333
6960497937
4345966074
6149260752
9993513274
5898436549
9151217240
9624558952
2017229785
6909328000
5881269790
9344231670
6014863222
8392809369
8512227766
5278297958
2837414897
6939448832
8612941950
8714380689
2877240216
8380155346
2791997319
9710720534
8246648431
5755150116
2258743888
6572890356
3726579633
7870683339
7079388454
1165680275
1388448968
6352193252
6892401385
7659695553
9340385245
4239007003
9747103236
4836201954
7017047995
4785803516
4356513190
3531838300
1175405040
9569047863
2059197967
6742836274
3161354359
7524633288
2367076704
3224410806
3438065205
9330496400
8731976397
8890979596
2310214020
6579964473
4520958413
7025481687
2184103957
8655156531
1756100948
8871483155
1408710472
6493533464
2667601817
4923204972
5501458344
4716653318
4093655689
4382439126
7169840293
1870611057
4896035836
5899918681
8810146224
4231975023
5738719075
9396728152
3899786080
5334550903
2986956225
2918619793
9924259431
7098669371
8982655614
2122118612
7703451167
7663187560
2388130443
7268630029
2738931343
8826221741
5229531361
6323358294
7369415257
5698316632
6209208465
8967067511
1190048618
5187986141
6637706999
7671602746
8435212944
1558201527
5018143385
8278817051
2997619614
2542401167
6268960206
9910308644
3647479238
7465696054
7134094795
5902567722
4644685969
5559099993
8239315012
7382852308
2193100336
5357489442
4814162456
3737495093
2233292149
9012380686
4972865404
8896215575
2439406048
4537040039
3404787854
8573521271
1467952325
5014446447
3439813815
2709904432
8012660504
4099043277
7966792484
6811562152
2208813800
5002104143
1699828946
1795468293
9669451711
4087336564
6934663926
5021539720
4605275620
5344661330
6925025897
8197759360
8237046605
7204766395
2794014541
8514528782
4098616378
9104044000
2484084838
1571488697
3033375990
7195022717
4925260657
1951813510
2352634715
5115254832
3956140780
4463572392
5636270156
2287339407
4059356186
4188789891
7345828649
1237123561
6223728020
2156588091
2098702826
2815041981
5147419205
7054242014
2431570499
3821838177
3137660950
9608361919
4974084942
2490379770
2395702703
2543679970
8237130285
3809925861
9426463340
8637138178
9930253977
7621947452
8049046452
1788351956
3852178607
4484752157
7676830952
5634213916
5630157214
7828759517
7048440844
8668221607
4570553362
2684372649
4085362707
5941078169
1740771242
3844257532
2276640895
4617188643
9291974820
2622907024
9601171323
2691322010
8084848794
9989789351
2666543339
7372801182
3054720852
5020567371
9722971591
4573858692
1673744461
8627162692
8187723579
7294355652
6688743930
8889464027
2256446243
5097480112
4236016759
5612385190
1476417782
7082489841
1993716708
3211190965
1388086715
7596951244
3562664847
2557556060
9617781168
8863628738
7003588485
5502437769
8201621152
2404197972
7933296924
2002997510
7982555629
1499021669
8056728550
2357914850
9365634283
3523909396
8653283029
6404768638
3530649878
9614383884
4924301573
8126350162
5727224118
3533845783
7027841318
4175274991
5405788711
8039066556
4351756819
5572683369
5590832226
7208219398
8975774005
1279495374
2306206473
4081731039
5450046996
1183462359
5006623631
2245777366
1746332438
4506304151
9511410590
4255954291
1083648056
6758018087
1410687585
3244325207
6974502005
9974056568
2698648200
3880164360
4807029178
3432195849
6950717920
3787929423
9173136834
4412370299
4155207309
7716885028
8089679517
5111332191
4003672628
7326073707
7270906485
3466224857
3279552946
4730289573
2140851968
3107205835
5552452595
2561897459
5315837757
6811161835
3817147240
8089043545
8282746631
2273448699
1469011345
9344134448
4516122265
2411670199
8491975311
9000818767
9054051793
2902462745
3275790066
5955225925
5309903960
9811634740
4194681627
9311521429
2040465472
2151120967
5768988708
8150942340
8892528120
6409743706
9929076068
3641563340
8485221639
2361190010
4579215540
4724941038
8486725704
6368688820
2181755334
9409502599
7389760643
5540544016
9175474490
5760625014
3004283145
3567548301
7031580824
8502925188
4407225453
3262391078
7734884129
5654834277
3266923516
8641614333
6108725411
4895877383
5832584090
7562840184
8183726093
6790678017
3912925039
2907288957
8791039413
9373175260
5568141659
8588162736
4744620555
4815006492
4082472497
9008354767
3512688907
9848757039
5846744949
6893568020
4534296113
6259124698
7162396441
2661625677
8100486323
3408467516
6230791741
5087393343
1211146273
1769847384
5598140623
4768049728
3586527567
2509878597
6249515440
1353559705
8254377755
6477223058
2885721186
8004933973
9568161195
3662135605
6204901219
8574424780
4921739087
2018458600
9333192401
4259622895
4155893091
2943721684
9664993394
8174708760
6019882023
9440818404
9239201924
1252883192
7743964305
5315443893
1680630633
8870685994
5643751972
8767182820
1308064300
7619692408
4143020140
1364731280
7980524891
3921187915
8696405284
5367198675
1590514817
2346189943
4796860769
7805058182
9827728996
3205286759
4970049148
7907313083
2153572521
2032428461
3942258297
3412900865
2222396811
8004081182
8340158532
9961306924
9493952319
6982751460
3075768087
7180361832
2967282238
1857543846
6871562495
8274532871
6429076455
1471774256
1939927020
4751682418
9326984411
4299556078
7231744867
4389837638
6806079198
3123233611
1364982333
9827137796
5312180842
1082306827
9372484256
7705010104
4158044783
6800494243
2759341037
9307090352
8258605229
8044471638
6943195832
6377709624
4533859324
1611139315
5441943625
6639542546
5948188694
9191432246
2200711791
4086101285
2847777045
4484609543
3133804812
6071137321
7469339323
7856554691
6014011209
4029047349
3074268165
9099662620
8750475755
9948986064
7907484071
2787478037
8368917678
1533991890
5045202894
8423241641
8673910773
9727547858
9394588433
9340629633
3123451224
9099073005
1240682543
3711635595
5680281284
8900996160
4901205800
3491330977
6288339893
7472014056
5877296938
3177923484
8700458906
6824332063
4512125556
5314621900
9037861540
2451276638
2874572090
9032915640
6782411928
2759497734
1973018710
9198117356
6343931009
8218457272
5559851794
9474085826
4996698788
8114957151
2952513254
5955757381
3528131198
6453336144
3201126470
9929346847
3072078345
3139710341
5826056673
6809738622
6430029582
4583942445
3458722738
7623799358
2304927362
4663518844
2745815693
3759730861
2020342386
2222671132
7482269587
4312302197
4360455080
7847397578
9499257987
9992168429
9479452991
2584213179
3457401200
2196545821
2477952897
7714987297
1860558079
1793456112
3522448310
7784520485
4118462296
3656438875
4031004148
4333318544
2001231277
9619391998
2505991887
4119155038
7383775583
4627846071
9943532845
8100864892
3715952100
5123882655
6667093209
7882820994
9252255294
1840450885
3951013927
2685425530
7601315102
7444083094
3048689801
5629352800
2535665973
6606675552
7982151844
7487633143
3300246986
4557295504
6428004615
7488474966
6813513292
3775110989
5916635356
6692571107
8686774088
8181543089
4877640022
5536124176
6377282103
5009538284
3859958600
5598970253
6981847394
9229759495
5739951299
6484810995
5133410917
5764856707
4591405396
9665938863
4481686263
8649524263
7136295191
6439849148
6092688310
3777262930
3623737540
1229244301
2476063471
3919716638
7064229313
6595239189
8459706809
2398809584
6224404542
2814288662
2044463273
5579921236
9273323812
2949414598
5639052093
9494660811
3190750990
4731649365
9392772025
4938728281
6246549074
8357931424
7267071625
8612405470
7863971342
7591821567
5789029014
7702832698
5617262592
3531268124
5812434676
5075489927
7784941123
4280223392
3828775015
2868645429
6139821139
8534327679
1110414040
9709678495
3735017835
4832988119
6105541574
6380429056
2399491325
1412958547
3954014635
8463750165
1414179522
7095764528
3526346172
1295409169
8644842455
6168760705
4451966316
3290917176
4460014957
9603828470
4331199960
9412101230
2219895779
9044871242
4158960526
2844003182
9996051388
4930985382
6816246180
2012912962
6163369061
3054771980
9364576760
3957396307
9174700748
8808953786
5431919069
1006949320
9753277786
9787570833
6933727455
7940524213
2872338811
9022059022
9101462332
3725231964
8366523473
4077133186
9942540616
8474731529
9589229413
4138294475
1562095587
2729850174
3370932676
3221918219
7184034427
5856446536
1752925550
2646855327
7424767344
6892672287
2760109428
9025966785
9311544491
4912341934
5314884760
1000214735
4871209935
1980038659
8603783630
8124437081
7143891376
9414836371
2942481306
5336096938
2056536874
3567596315
4731291516
5529096062
5193766505
2666477008
4139324814
2618226994
6834066865
8537122157
7858629408
6959667556
1024500498
3223597967
7508437292
9966786438
6558701722
8137739085
4006649090
6240064948
8245617826
8011909490
2847622481
4343748832
3115461621
8311511102
1297047082
1673133683
9917780578
5559896270
1766469048
9341279835
3628885947
2405516240
9656890661
2631631638
4863415382
1765183068
9474260080
4637575032
3525654630
6648243802
4630284189
2459136357
1596411462
9972079140
7188436569
2288630336
2937151366
8181011800
3262270035
3244967665
6984760610
6781570527
5283460638
8425231045
9479561835
5910865195
6432446917
8192140249
7931184136
6142100822
3154125063
1841251412
8522059710
5074046308
1235670229
5941838913
7440578417
4072072262
1166843425
9057231898
1316819162
7843983817
3776004493
7287078889
6943196111
6994512277
6019241842
6347009906
8017907188
1270916903
5862692377
6222290061
4956205081
6771150502
1111995265
4868944783
4966977664
2170170014
9744295661
3240760960
4573743332
3536033000
6374341594
6380323076
8942596108
6445491632
3784939044
5623941811
7316710288
7646457886
6703828884
3087026844
6569490769
6395470521
4351577022
8858331322
3818676101
9851176494
5201461282
6903525253
6673502241
2780140669
5634471156
5529192676
9445089483
1028198219
1621507186
2843815634
8752443120
3131941177
7904440446
4045899855
4504765305
9785153283
9664148255
2274096406
8528407177
6937913726
1029930470
2477896721
9759201431
8485499594
9646213802
1236587123
1998559747
6294099974
6867240559
1327970880
8447391760
3253984441
6749091854
2017985405
2855835226
6555978398
5018633103
2355692783
9167656943
5967719390
8869472080
8783403545
5365949717
3445225602
9849763485
2692435266
7571112876
6231955418
1179248224
9607715580
8318272085
9481001364
6356810021
2055349364
9465786950
2476384288
9458623967
6755569044
6778519173
5483294666
5247546102
6462727488
8284798478
3854143460
3208578463
3118424755
7693326864
2157289351
1739962348
4941974080
2139668425
2562091330
9636714341
5859069960
6451402594
5600637128
5752008162
9504937965
4245194563
5221809822
3185559172
7053167918
9547403583
5125351177
5433954674
5306074599
6092118075
2424846118
5153600590
6282861525
9935094349
4056975773
5093499018
4744178769
6920400251
5566001206
2693206163
7812081982
8668479123
4832343252
6715929757
8133201336
7399216711
7737329011
6752027563
5893766751
3748225236
3712563270
9728208156
1589237987
8196545646
5746210401
8322798932
5256880984
1406532947
5948066806
3492885825
9763024103
9749743856
5271621855
6764657745
2407265425
2637437633
3438798139
2669540198
9699241399
3762515343
4587871927
7655797548
3774184364
5029913071
2746086725
4008750940
6605652382
5150264921
9649145584
8734055669
6238781334
3758472768
7110711989
6237349299
2684803396
8162213868
8364822486
5418452006
7296393255
5707864739
6085098981
9672814882
5856551098
7032961183
9728756632
8212994612
6932345316
6787925600
8013266304
8619067449
3855920571
6558960435
1124738687
1239184916
8877668695
3898501079
9832085679
4029301651
5580095953
2778946752
9880937598
7768032755
9460227529
4281315659
2508140946
4433818294
5427829233
4084369737
9915650263
6073093495
1835209200
6425278887
6624142116
5192069790
8857488523
8752862954
8670410252
2302824212
7796352973
2476553196
3738131999
3129661481
6687660536
2734648874
9290009918
2582689376
8812899548
8674939936
9966320071
6096890766
8824719660
1908593153
8780805673
7598444136
8598642733
4682419889
4648741587
5146251138
6630727932
6148976247
8282985580
6510100768
9658378309
5578841420
8501936135
2313299680
5204184785
2591187545
2229895085
5993135727
4693952159
4719161394
3911377816
9060185867
9652416475
6394001877
4142331802
3340413463
2157538594
9946182527
7096443045
5595501468
2747691995
9939886020
3553039237
9897567170
9787429333
3012319062
2614945092
5471466417
1522682402
1180367845
7817875970
5502181289
5347584894
3709894529
6945516696
8466869689
6060445245
2448508464
2862969817
8659060464
9221847996
3261207118
1440608111
5062577982
2232582817
8602989499
4960067347
3875023694
1497540636
2199136626
5448391619
3103489585
4736971854
8480653910
8707572473
9401724711
5708258977
7212528424
3064432109
9684492043
2893973884
9007337294
8888693650
6568861062
5626918823
5554230878
8011414433
1711084988
7748738487
6362989582
5256213654
6791723516
9510173649
4205405847
9899981113
4393512314
6636837219
7884043011
2848492227
6833572120
2505827602
3483774846
1823429621
1911553855
3371786496
2349727983
5728837457
2810058378
8764151817
4883390127
2549142762
2887989294
5560019612
5119731489
6021404200
9555643650
5372115171
1189944127
4896975907
9544935163
2829779604
8588446734
8648572346
2234325140
5229585968
9364753861
2917661047
7421377995
1914507388
2199842268
3743398639
4787580567
4164197217
4679766921
7336562720
5548045579
5217914074
1693848957
7231955488
6910478950
6204908723
6481372102
4010532224
8964869290
7655652422
2353659185
9718646952
4805440248
4137011631
2083958288
3570542896
7622954734
8917032109
7706580261
5006736420
1900537201
8659024770
6205004639
1326399339
5598826455
9231369018
6272395306
4116624595
5571387563
8326585195
8817235387
4446255078
6142955737
7029531240
7752547249
7751389500
8949909361
9904206862
3157784479
8041662036
5873574260
9451091835
3138971016
1603341822
4524118583
3491837030
1211913075
4815909631
2457505938
5888164374
9641370040
9480545874
2164649365
8744835919
1838797451
1487151138
3469877340
5181296267
3804989171
5666047227
8603313440
4816075800
1456898994
5683768718
7922117407
5154791991
2240619470
1310202857
5523608214
5505080646
9128636975
2153768678
8488582198
2870943632
3789124764
8325334952
8548776229
3867339459
7361132904
7374001990
9656108667
8577061796
8464562443
3666477943
3559044676
1166076529
9690567078
8080957543
7622084366
9878840550
5672175028
5241508033
5480327632
5846127096
6052849110
5248249588
2308237857
9245945325
7386313290
5890682177
9387221316
5689937893
4090480340
7486806664
8815236519
5357065829
5797147024
8097665697
4489690883
3328307673
3840425657
4186282389
7628135717
1683919903
5403272981
9067988373
7631670480
8857287567
9730312349
5885996300
3561855535
5978863804
5243215651
1922550667
7419404427
7966309143
6605360372
3723261301
3912305087
7910043063
5330693928
6684883816
1808537287
6645762816
3068322888
1944285777
2897643490
3880204148
8012534763
8585943295
2731424012
6558755626
3525006667
9306234080
6274962782
3105466297
3196757399
4639312311
1034601509
4998496972
6306414603
8521814458
1830250626
6396055677
4120352803
9379170133
9824044711
1293176498
6756097432
2704463718
4251203177
2481510473
6323255887
2769373463
5167926678
8072951804
1134451526
2367509090
9599238535
8526900778
5028638897
3145763702
1039975520
5820126209
9991140013
4238477428
4189085622
2428065949
8878077239
5434730113
7446594410
4357736254
6208646580
2786501597
4762228447
4832025887
5404543219
7194110728
5469832839
3211558257
3521943642
2399705122
7670065416
3178976811
2511294832
7378872857
7937980094
8202885362
3458057815
3444689719
7511164244
8013867697
1953082983
6383387961
8901416967
2628957557
1279754122
7263464120
3090784292
8381350489
8235341177
9216511646
5095440377
7022740073
6741845196
2526874435
9220695298
1391248380
7837180191
7867929093
2053526549
2204310943
8106085157
2888270237
2039090524
7301897181
7935068679
2919415609
6657922294
8574101256
4661589470
2190271887
3443434680
5868191899
8432864613
5378635776
6682361266
8625473664
2468845054
6388979615
3351847135
6834970329
2041000547
6030642440
6996974409
4651107769
1359682621
3151529742
5186930452
4832333298
2317945267
5467572298
9717244861
8252796144
8988420615
2546721232
6843093104
9599305934
6325213648
1078953197
6398388461
4906946272
6370666440
8845451288
5948354416
7266723212
3919276476
9510315153
1339442651
5121944452
3614044299
7672865071
4785755578
1958866233
7563272682
1409757277
2911412881
3659172895
2146096614
7521365103
8539887475
8377811706
4355973840
1184794024
2177945866
2792707150
6223727360
6691545743
7748896193
7919389144
7248967730
2406990410
1360055495
8047697033
5097191097
4047525297
1071393425
3933248666
4215013288
7399425940
1233790075
6825645784
5462291274
9988465225
1341163972
1036139357
4277486666
5575353479
5450674890
6601077537
3272408421
1382849566
3379942378
7382934074
9205454308
8393678501
1874301321
5503193940
5169189271
3603029423
4072521594
4487905364
3077766749
7496428414
7876862309
2685588012
7137041815
2323427295
8634697023
2462797555
2201876162
8336977791
3131218117
2070499942
2597009276
1106067401
7028681601
1996585519
1684530855
4432115006
4795964821
6597772156
9130683468
8873076877
5645075172
7812631916
3283370703
5276792138
9775334947
1821299151
5577609510
2695304835
9578742544
7546004380
1214184289
6617967749
1938554426
8499088617
2353555105
9454325280
4432765876
6294083064
5272555527
7536461791
2231533969
1611982325
5838918858
9064211845
9975943925
8025224944
5027098992
1805801712
4654499438
1377565859
9707969995
9492485312
7488011522
9766324442
3536384258
7457762179
2112595088
9031612711
6574612130
3957085569
6651116817
9969300019
1597302957
5917258582
6644184708
2451572935
6336812361
7508446134
9442541860
3264086972
3464513587
1522725073
2455956660
7919518258
7612716984
2249737729
8428433906
2978832223
8964213592
3044749596
4569007253
7783681813
8327345915
3001155134
1850497588
3945374248
8462518880
6175204581
7447829629
7777478675
9886649817
8731256306
4256334645
8802427437
4703879426
3887247563
5543883286
8380435416
6070175364
2133692275
5522517635
6026194212
5284446197
1836852996
8549467187
4940812305
7840477829
8049737599
2143904597
4808134577
2483342722
9365576938
7599364125
4278428623
8049589367
7264768766
2837663594
4228444095
2282699674
6463155474
9090173459
7512032825
3044685720
1625089655
1270091104
9989915109
1533105660
8379052120
2525513176
6717761784
7292576865
9648113055
3285603503
5431792419
8567544120
3110983477
1770485040
3558745750
8202699239
8714569998
7602891241
5210059046
1672642983
4793285291
5035129366
6557633737
6077951002
6157544606
9150319000
2336920317
6358110791
7775598693
8899529519
3444908343
4395652813
7657038307
8443930655
6690632792
5439924925
4077573279
4947064548
4889168769
1049390523
4626010065
9111694970
7888610855
1519702907
5837081387
5180904415
3520692635
4334763357
3102881083
9695260055
5971891137
2259313125
2031444482
2620220234
5656110659
9602797239
9664343874
9295744226
2371290601
3999273092
8533794876
6354262185
7050658962
2520752675
8503525237
2364209518
9072481154
1525178668
1960608768
2815605858
2789205992
9085357424
2014831856
3291014086
6362676081
2144645105
6004276706
7718996377
9522916463
7934097704
1304166880
5855086356
8113556078
9275742300
2415203852
4029854926
6459615128
7949202898
3106741884
1017732660
9695739997
2423741392
6374634307
5462105211
9527269879
2685208328
6009122770
5647976286
8404161153
2630534882
3808332457
6702829228
4337470820
1876886483
7859587799
6249716649
4234381129
2653618471
2135535544
6672320108
6881482108
6563145870
8677022849
1098015684
8055936152
5512688852
3541728964
1483200352
5071743486
7032557624
7799112539
1486952975
6901042365
6006428229
9435717846
9386383224
4286524898
7635642941
2121943936
7489914918
5181915296
9824496618
2373768975
8668456884
1426430483
8896368393
6910351047
2693272886
9869737721
7353252627
9590670850
3833118253
7570480329
1918132054
1465393696
1153659232
7753860566
7586843315
8558296828
7902626236
7039756125
5981065690
2079075228
9067181458
8398659949
8218887673
1556997265
2669020986
8480242563
3898759547
9307466573
9923408683
8649542983
9878013501
5438547879
8263583790
9110094801
4470744188
6517866643
8707945236
1974661298
9919773709
7911878487
6141334238
9617482193
4015846566
3297550189
3792625424
8597369004
9607237625
9271528787
9172821171
5997958393
5886837912
4588446740
1776948582
3454418847
4374786121
4086022555
3172479624
3324484311
9064923628
5977276712
4287389921
6494013048
4884135533
8499780862
7421648756
1073753939
9651825686
6388253248
8191039759
8756930283
3281306414
8001366672
9740451452
5080356102
2862199333
5299434554
6423244642
5980614028
9696810277
1660995304
5154600325
1692978476
7294437303
1081134540
6502473484
7719479096
9776179146
2052196565
7730623201
2179923480
9777354639
1639199478
5337203371
1889075280
8499830493
4257787445
4399341278
3559773634
9021525828
3354416733
3524229662
6761727129
1295408336
7631427080
1752134468
3662213341
4630336882
8970158330
8493211730
5193407117
7123457235
2205888892
5600288470
5192334462
7102350548
6989101983
5614964930
8550887365
8962303928
4606740254
4712647533
8311262031
6653027490
9516186613
3793926428
7052527445
8255456859
1094974243
5870069310
8916013637
6624566225
9585276795
7785098492
8642280729
2592187123
2215726117
6679981544
6806562253
8751521900
1765950468
4184450685
9139613503
3837061202
7994210956
7449706059
1569197230
2074745591
1361443360
8476048226
3540737828
7808013219
5252152749
4042536719
2635396344
6787456312
6271310613
7197541949
1109036855
5153899012
7008349539
6012810989
2116826492
6865410901
2664632128
7928442410
4948005223
1132760790
5628309897
6727380549
1131292392
7990821626
9901939332
6743736788
7747831177
6116597844
9128922460
7021822111
8612415937
2519865412
8915947539
6753418012
4945143658
4640794117
1844300072
8642122253
5469075585
7602295031
8964727117
3501906171
7063744539
8625784123
7849194521
5621779520
1309188706
2338207080
6899972781
5453039727
7691088493
5525042068
2564851115
5784519162
8042257193
4982681310
6402173307
5060530166
2197182491
6416187397
5201130274
3504304130
2166434177
5757025353
7447095979
5816836071
2502658177
5590432972
7461164678
7935978609
1265175765
7610523451
9221712505
1827343879
2290413529
8593092140
4429776247
5032655363
5373815909
2920892024
1293182390
5439459793
6611107795
2999783265
7596447115
4938811663
6698500019
2329219589
9964329227
2595916863
8684079974
6217825627
5448345994
3838103439
1427388071
4350893306
5594443731
5339015193
6683944164
6842651184
3038893013
3351990028
1046667671
1847826333
3870306346
8676874190
7413308259
4162419198
6506076877
5609310164
6346064822
6095962585
3738221423
3675408741
2874091515
6079241459
5584522225
5463638739
1093131919
1628975642
3166347699
6930971327
6703274884
8628153057
3400238255
4955922517
8171262437
5082360169
4050631420
3602386038
7969633399
4459106488
8310411501
7041235263
2683886337
4131172984
1254190154
4168045334
3214881909
6161175777
6095663157
6920052061
4527752328
8761489586
4668650911
4719186306
8651000667
9708220149
4510096781
5543514157
3924572178
3852800379
2435438711
4099847610
8242838888
4010129298
4375259978
2790065986
7615082147
5118077985
6242856749
7622400605
4860188817
2283505620
5323419420
9402294055
7105719454
2120255341
9587812049
4316871448
1281746384
4687331951
3942137641
3539268157
4284500359
4993610697
6678857556
2084982613
1710073270
5970019296
3032110912
4102472000
1112445928
4504692151
3901469520
8213991059
5048405814
8524658674
8105076476
1793104876
7223404787
8795189458
5881693333
5088390723
2522861645
6989835368
1466087148
4769343221
6755994609
3025595242
8642866304
8075501214
8045835029
1062905117
9364288309
2043275134
9894220963
7497143463
8682549446
7238490446
5896294478
7706771228
3482440040
7408722262
7479465315
3194550397
7542429125
1286225938
4229368835
8077404163
4993557587
7835774647
3935992261
6525012288
4533924881
4111737762
4335347156
8683165542
5681050543
5513970550
4447274959
6727286896
6474205031
1878663815
4712150102
9573024384
3946185046
2348482077
6867263986
7763832668
4916452786
8033833026
4388968417
7120467012
2501972756
3160959918
6368967058
2824866284
9797007840
7189461856
5863543992
9833691233
8415941539
7816265114
8800936276
6363641564
1348009376
5741034284
6536382292
2169539278
8223048462
2286241474
5999049707
6633432171
8145697042
6641143777
3432882614
9998236084
8500820520
8714495551
8019407278
6336392130
3362348755
9144872059
4504279860
2526254262
2303024412
1191470917
4596316369
4916246033
2875556871
7393515317
5735827083
4900019074
9724781071
6744074547
9060657516
8825731525
9553707910
4079067634
9058121420
6215926734
4379168250
1860152241
7908777250
7191754814
1046968647
9181308831
1234443099
3328767480
1138209402
1032806500
7523586274
5040075389
8054686618
9018769477
6910682716
3246442441
4100444079
9063720447
3904973225
8174636660
6775624876
3424106757
4636030433
1996265626
3680847277
4871624767
9289033165
1905351115
4360413737
5107613409
6390423298
4271100644
3378148636
6054989787
1288753807
3324429302
2589524430
4066082847
1427407688
5184799427
5766915802
3085710366
6345287070
8009103218
2293295084
2682203277
4080294434
1557260054
2351419475
6879949682
2988203370
3484239275
1676659025
4516320192
3574549793
5979082718
6774532835
9910409096
6063750692
5854541346
8841573938
8132671315
7424930818
6910170050
4677520073
1780070195
3732663788
1923081251
3190512822
6169875525
3630787008
4158836331
7138289488
8860600310
8575252031
9201251661
8009206002
7577707318
9024999690
5995538624
2785960935
9001501569
5334146240
9366290194
3001700966
5885219217
4098287402
7573007564
1870716426
2108563381
1345968541
3630101515
8723226069
1398416763
7472988490
5307453811
4741449340
7864836178
4321468795
4585933483
5843467174
3834226705
3369731460
9662207488
1285495172
1211055412
3333342249
1274234678
6454689390
1703644310
1231496331
6233747403
4824311868
9365399390
3993222411
8749712000
2736406721
2279830095
4356103052
9688823659
5663276283
4760630827
8857202732
3885716974
8812006605
3162015145
5986983190
4720449610
6821596129
8653898386
2153597361
8769150626
6239411215
6389647193
9527230850
5317279611
3106694374
4524171022
5337699427
7646464862
8701569262
8637444177
8024105213
2948356838
7017516613
4930211874
8237834440
1578590183
7359268344
6051180545
2397269939
5424644083
7205635500
9357315077
1403728820
5050681039
7161293440
6181374297
7202001796
7114871137
6442959573
6518481450
3733817372
5476279460
9124000356
5071976684
2957231299
3844530806
3468612829
8211700471
4819765362
1605541818
4655068322
4895458350
3777994889
2290549601
9389792565
8673250256
9808585642
2474915149
2517185034
1742899437
5843027008
8635466528
7026697140
9646808277
6171046303
3734943670
5594078096
4994515872
8074321245
2321367783
2676104297
2985374099
7502212733
3661715754
5860978249
7992311638
6242152401
4959440563
3349686282
6140015599
9183102934
3302145304
9433660453
7018299344
5522793484
4775992297
3465927911
5383581949
1381830793
4525696536
3775189373
8215256217
5571354578
1519807694
5343603821
9287487520
2394886834
5203538891
2504287005
8671735252
8172107961
9730469802
4389106249
6826810195
8134944928
5099779506
9711929266
2912845324
1321260700
9283723549
8304891881
2739703768
5866724646
3178797268
4156184159
3877371923
6069368269
2651741573
4843697869
9638059577
6455963993
9416519978
5161484895
1963839710
8923347156
9208524355
9940953650
4255080478
3526095446
6443968025
8717118335
3332811616
9941356812
9481457152
3418911132
9594483690
1633536871
7554661191
3086161768
1541361275
3473505941
2689467735
1810407959
6631561040
2796625720
4489154826
6511273282
9543837568
5869133553
5956535417
3744340341
8552659982
5925953320
9994798530
5840904808
6167525679
2741439761
3334528376
8654955237
3878006100
1702175549
9352682032
5128229981
9281646580
4274693119
6781112130
6245993852
5085567557
4238525557
4200179266
7968627995
1800145538
6576858843
9590837214
8773420579
1407281396
1873205532
2258982773
8641843655
6314335478
3660946782
9702433835
2134339613
9141048787
8770450457
3500455874
4249308342
8856570624
6892339284
6444668686
8981111689
2422704376
1146739755
5668082968
8597487596
2450500675
9988813868
3590319590
1771173415
1717157325
1730101256
5688578358
9428872587
4106043365
1346782705
4439182942
2294052959
4712147254
5854386966
4598160131
1441150504
1840568940
3222926035
4613955646
2274921940
6402450285
6460064496
6193619838
3750456549
2278208016
4136125084
4427858820
5412045106
8794974033
8619789233
1960920071
4647071379
6745828524
3705640851
9467033289
6033255676
8927585015
8336791807
3358564356
7859421489
4448492615
5104707241
7085847608
1424792054
3841545855
6005222466
9671779635
7701441095
4630161271
5828408863
8419686082
3194340958
7467410523
1617949070
9234295566
4764165544
5470371868
6047938122
7805170804
8170734911
1700823340
3959881844
6523431153
9148064052
2873782075
4291394779
8712157438
8146840196
4000125015
2399468495
7952708018
4345692009
9702606075
5476597576
4093785290
4169604748
3715281972
4005418031
8262468564
5379560103
5572969807
6739626104
5025384749
2009874585
3613127125
7103533630
6493203383
2451624615
2347035022
2729161103
4779393812
2118299179
4995384842
6095179690
8388739067
7996307180
5970794992
7750092718
9596516064
7502556219
6523492346
7112332550
5083795770
9474967283
4149952592
6979369681
4076889281
6988675702
9746250597
1044844196
3003702884
2749413687
7219633634
7628620759
6530306887
1799636150
2168784877
5721312173
4260408442
3256692281
7668712827
2875151446
9973079792
1787814443
6132878393
4858510146
7768463792
1392511419
5063695237
9220863403
7303334332
6887812906
2398875240
7731403887
3278149534
1852766826
9039624662
7777670716
2050723088
4799945444
1571194763
2433841331
7985812221
3021309828
6364895575
5236045263
8563489146
7443888097
1289686479
8728191764
4864987726
5262358866
8940834857
6239095138
5387568346
5978157770
6963955276
7479844593
6862734608
8944493356
4992324952
7557854803
3894418136
2230053963
1175037727
4460253477
7350511034
9846810152
8324531642
6025068860
4617526738
7972898535
9833525226
5391117339
9901362266
6316655516
1161878936
7822546906
5433138665
9219041912
7033261055
9955514382
6066254316
3099416992
1724293144
4977755785
4135291873
5062538466
1983493741
6140238429
5364798794
9768118496
7153452679
5076157960
6605219170
1868168132
9138484934
3029352575
7208383621
5331330439
7832479865
5894498769
4040927264
7231134123
6123927619
9962099330
4293649017
8153428320
1529926114
8267816922
4162029464
2161845946
3336147818
7568929930
1148340398
2333651412
1391738950
2871808907
3655772902
8918047952
8112455751
8796900771
5421268974
4556803657
8874168768
3458619975
7076429066
6010937459
2239211579
9969823691
8309295630
5075186841
4763336176
9470647148
7058811264
8200125048
2300562169
1679754594
7287218660
6305929712
2483095181
2331080215
4299217910
3627296608
2267254888
9966737988
9114581663
3464617459
5726933248
9244529450
7759134020
7132457430
2790709676
7486539257
7212986406
4350621191
9980392239
1245939218
1843264195
3531382472
9154184769
2188357839
4601702811
2218281933
4918875335
7986824902
6802677166
6510742786
8001991986
5909841965
9789879146
1519572946
1817097411
7254995986
6161849346
8667790910
8297775780
1109926403
5898419747
9508133771
7773964410
1455260550
5627072201
9312321444
5573395327
2728847340
6392550131
9078964815
8147871847
4568838603
6778043906
4338297876
9868018450
4414470415
2580188107
3857891834
5394802481
4969985443
8740319265
2106317333
8183646653
7792567881
8412321693
4313694782
4166040910
9799057233
1298305376
5049338965
1565355716
4456746736
6374225835
9743141241
5821565324
1311057942
3581645376
1316989442
2661853377
7367398640
5136083918
8028988033
7763544349
2981476123
7213956652
7230582909
8617881581
3955185798
1449960778
8179109062
2769351795
7119386383
2724927310
9657536356
4355687002
7120698372
6182865535
4233041926
9283074632
3402840737
5556809809
7200279547
3317137603
9784393590
1239255781
1625886425
3084832034
7333531720
2806600882
6021084673
7938007585
5669126021
9544305289
4239641326
6475736812
4752097245
5643000330
8660044484
5130187558
8457112280
1715284078
5666362269
3703998084
5894446888
4810515573
8020669257
4569139977
2728761519
4485226250
4549566878
5381561129
6859014012
4513465107
2286947400
6561129616
1297414079
3731607239
6728293326
8383751501
3795508082
4724882678
9034426893
3638780283
6056501536
1674201219
2613117473
4085058431
8982140035
3381324565
5033543560
4004457745
8114585766
1214787475
7386740575
4850716768
2673497742
9125634281
3893447132
4135437075
9315182474
1614356664
1981441948
3856080314
4255912938
7604040206
7571684437
9495463037
7663082331
1954418766
3169821035
5722221004
9795723184
8786086407
4377294739
9308767725
1369378052
9082282764
4309492587
2317343531
2685061157
6308111618
5492553113
1179148381
9962450035
7374517544
3707953310
5805354130
3878274523
7913058453
9937016313
2075451168
8491392002
5283668255
8908492241
6084578388
6400473605
1636279511
7362647254
2763885869
7558974675
9900996099
1466178307
8856160939
5219573473
6824232800
8943362882
8269061392
8262483922
9486235939
5057143116
7916506164
3498962772
8529133640
7844582628
9040013656
1845496451
4084101482
9509993356
8109338209
3481230070
8028266470
9850826950
2083042645
1165581984
9417493629
8366765059
1914046444
4111327085
1384217472
3011728412
4771835026
7046018950
2504842497
7921682295
2548542811
3884947556
4588737436
9728303938
4916672162
8618717364
6074114798
6495652295
1629578816
7300741119
9827007057
2684238050
7879850830
4899823872
6094576157
6591094324
2733108912
6700744528
8288127596
4269184484
9490969079
1748704786
1822399491
5295393900
8670291796
2620382410
7540781650
7007558483
3826333992
7551799155
3808873515
3539310278
8084541217
7798183979
6116644392
3406216705
8984574536
6994970493
6961575889
9683275226
7508830313
6178861942
7954359155
7494434742
1185825829
2650708337
5100245798
2778951229
1133796040
7387795612
6545809354
6181757114
5506293637
7271708245
4134392495
4423338347
5463851443
1835386323
9654159701
1335948563
8720262659
2231125115
7272958902
6636999409
8769222023
1088911940
6094574752
2545256500
5957624890
7660422932
1585951486
9032467974
5064393249
7318214657
5665764222
1942183535
7975484404
8682630166
3084398399
7085331753
7116307851
4849936639
5941163670
3858558997
5630365566
5112228697
2714774450
6463365657
5329327074
2814516818
8002523299
9186331718
1086306185
6931966468
8460794651
4286523620
5073226754
9838839312
7988035772
3186030992
8014844783
8327677439
4368822842
8873282294
7932615186
2214238133
1368229847
2184175296
7560913120
2763103007
4088264027
6491049025
1013852785
5183095723
9912858921
2730815189
7928573612
4685845097
1466586718
6680403876
2656750397
5232113169
5614446001
5131780427
6035865643
8448409182
6954838368
4335569621
6496166703
8331452261
9148212145
2300168581
4760039908
5475219508
1008652385
2607626090
2260306640
1558896052
8311506656
5038804364
6772477258
6853820259
4876620060
1818304481
3940711863
2136913827
5379944242
2979514697
2093187455
3178420367
8656884297
3916184048
3590026470
3134597891
6155013452
7790658309
2971659437
4543449395
4832745982
2593609098
9148545554
9369055460
3330096779
8091763591
9935440959
1328755846
1179437035
9923247133
4626861788
2881757064
6493214530
7191968869
9222569460
9377910771
7599270944
3059310781
7194316481
3572067254
7050258318
7092391528
1219017383
1795996808
6212687285
2579529886
2757239570
6054340549
8184472432
6538718858
7414457264
1288954073
9454697794
6031756738
1359729305
4679296148
6025103130
3663024991
9773472296
6144296852
9014547576
8651932286
8980159799
6594583554
3350084574
3571419687
9820662184
6620652522
3357436598
3080554013
1786654245
8227002166
3600839965
2418383032
4435938612
7571853916
5000736716
2252186747
9878111880
7932992626
8780266397
4057597840
1281910329
6878160872
8588863586
6069861617
4232762758
2861964212
6232305772
3100060874
2228590908
4298833517
3004025616
1540827808
5302568434
7673354285
4982760386
9628992625
2541822946
6889317802
2938872526
6074348799
2515067772
6141602106
1034266011
4420808543
2980103628
6293204850
9854618262
8241114147
8497972606
6468971303
1968715146
3754150332
8412578254
7946400631
3492830357
3307811165
3903115987
7601052387
3403404082
2197502437
7798777989
7544907774
7116365600
5328058363
1673700227
9055476029
5917445177
2670021742
1905371639
6995009443
3827208621
4740504754
1754831169
8767513080
7586673736
2422724127
5160087630
5938695049
1386477322
9098973996
3907767235
9301141852
4181121039
5778374511
4195883788
3628161330
1573914811
3989468035
5486488196
3558745904
7548065440
6232865579
6794266687
8936437978
3531794982
4706141337
1860160702
9036317566
4946939382
7842001318
1945969425
8792198263
7615559861
4548233779
1279825767
9449288562
1085409581
2819964448
5828901040
4801687768
1001736565
5964496203
1631199744
5119347291
8428029431
6485226437
1131360773
9170814915
7886544331
8636941634
3725159929
2697648417
6282810812
6666879242
7879653551
2972260507
5118964607
7648243257
7492425810
4522807050
1577622395
1281622993
8136707199
1211053723
3275746488
7479116394
7990147409
9251197007
8216581169
3091944483
2848840071
3677349900
6736219109
5834701259
4820657822
4625116898
5999992439
8807411760
4942583965
6436890317
9705063066
8742571243
8896806293
4078292692
9780168209
6294114582
6081210866
2215695041
8154050902
5714551215
5802805161
8401884980
2555214258
5733376027
3188315341
2008098053
4703114263
6975762914
3128307990
6744449432
3618259777
3696362698
7928871107
9551844446
4654283985
3262647520
5608649047
2174457377
2129807255
6589872038
5347453228
9929974506
1175282773
2406316098
8473717348
5585106740
7321898191
7355319128
2133930745
5471306316
5727235584
6920449608
4813138219
6379491419
5203642449
8437687535
6560805600
9887671787
1271964129
6812262307
5876583876
1863275861
3968127941
4953005609
6483862810
1883794317
4218639038
9867009431
1259105734
9997869010
5877717152
1173717033
1152841720
8124987857
1496289242
5386891959
9660768095
2931072358
3690196888
8535402758
7213231001
8101401293
8860717999
1021194354
8820863161
6611945055
9031757116
9145921536
8919774783
2898784329
3083211195
6954968407
5711356514
9719271451
8734385484
3939628583
5035911815
9384787378
6421542361
9808603459
9940095306
7814574300
2678411260
3884453577
3929633284
1995407090
9984712371
4539972550
8683909505
5980911908
9468232736
9865413024
2251526368
1370944605
5116113439
1757689822
9419546999
2391849564
3223487482
4115725063
9985930087
6331961002
3942076483
6262122146
3337983495
7716500985
6370922181
3055771780
6888745433
4017052419
8888484433
4287170409
6401444132
9369324966
9768004736
8900635031
5807736974
3737177545
3356794208
3596235136
2500062280
3503094928
7972913723
8445567332
2477977490
4554027248
5755706849
2531981860
6653539623
5564668522
8369514392
7527923807
9110937417
2764237593
4282936945
9459556428
6762972198
6107792247
4916892521
4148110757
9455227341
2204329942
2420044785
4576107165
5614824227
3310925658
9479689967
6827612534
5703356502
7808348707
5092734132
5745631363
9813877998
7714165915
4108283958
9329697860
1314202122
4623763382
2676153488
4483352962
6624336057
6377133586
5352213780
5277193743
3844494017
3958761446
7977866181
1395005708
9632559290
1133956183
7776221565
2915994041
1235748803
4079401103
1901365547
8679500627
6399831335
7246287096
6436004093
7420385347
9581307021
9628962407
1237131027
1556587973
2307885047
6855898275
9813826528
9156261785
9837888882
7398590890
5528025564
4635177382
1721977171
9900019785
9671781792
4250749966
9944091355
1696163460
1196461021
2302534296
1998338496
8563509622
3914081525
6486486423
9732528509
9887726919
3035438109
9696597128
9267321521
6421334229
3714582317
6983684606
1124122415
5434869174
9862211160
7408489820
8414667244
5672123097
8446316663
5086672768
1740330590
7998864780
8335856934
5773746240
2463255676
3520388272
2990735416
2035839567
3198005659
4009007295
4756038718
2916619532
3777567045
7521771346
4017899818
8520337053
6004209116
1235509452
6922857741
3772167601
6774146405
9299666319
4932423808
3050406374
2422784064
1214469932
6177426291
9219589657
9695740945
7157031627
6329611979
5918439308
6527399927
8265061651
4331361798
5727969801
6120119781
6344556144
5935528806
6467689161
7286821530
7476507938
7329695897
9218305272
3484897648
3896900316
8239157980
4081953649
4470273366
6126259694
8384879452
5445057221
6278135774
9399128102
1397489407
4366723525
6897478460
8820471911
5774998026
9533461177
1926804898
4983954664
6729755721
4353788379
8960221581
3538961839
5984268174
5262259217
9354858661
9621500011
8364705517
1351253264
4739154370
7449289883
7302978559
3450704247
4633305897
3798103901
4317747251
8849918562
9976124161
2329464551
5917983369
2433302272
2907114284
2619052656
5568493361
1341501219
8336244962
9242529125
3214915820
8226070456
8447315115
2427651923
4418388104
1333679284
6345717634
9749694989
4931862677
3783030957
2808760716
2066626966
8283239277
1652619165
5247794081
5437984597
5418965027
9426898738
6312044546
8020444056
9356063179
6515579677
9635799951
3532882214
8191616817
4220922979
6450999716
8103016694
3378273353
3556375627
4919056887
6357731580
7796511304
9464168216
1715782850
9599456123
3645789182
7280139198
2694189329
9067156125
3252865954
9993558672
2549158782
6048281693
4548975584
2775162629
6261418007
4110495989
9051856871
4732413167
2441038196
5428471314
7608876959
7571038630
6598439726
7342629291
3649214715
6096039168
8742498754
4708986006
5270160124
4351762392
6614462129
1850244925
1763936213
5426296602
2448621596
3887094605
4118819572
9129826648
8929218156
5773490531
8375711960
2221297586
6468532290
8423600594
3805946863
2646491387
3869472239
7854478167
3088940510
3055496593
3333989206
4918924608
7149247217
9013604738
3535046137
4106541655
4090183653
6440124521
5645956550
3260891672
7669735983
2285148055
1131421229
5494948428
9357525812
8831469400
6606355942
7843363831
3417550065
5371445675
1139685787
4377913177
1344674533
2710995544
1258675234
5112132431
5909971719
2434681842
8385143910
8724058387
8030575747
1842935162
7610256113
3017215513
3122620858
2831846370
9928775705
2816372874
6912500049
5139617089
8899302739
8190816483
5952572529
8832686033
1949710660
2403158561
3730239917
5359938780
7810909970
6900447279
9030308726
1262569342
4025050306
7781815348
6283246465
5926947585
6665326733
2671345276
9348791361
4482174687
9336295155
5682024017
2132927729
1464806832
3112654377
7373605603
7272531361
8345383293
6995838900
5811952249
3302131822
5937897497
7222043557
6206625240
1891905685
5144543595
9712153093
3166478078
2209922727
1514040089
7716531195
9477705872
2225675351
6161787285
2751468506
8858258796
9892964307
3822877928
5349321412
8977545943
3376983256
8120560210
5605636500
7220452217
4314387573
9495639187
2596761939
1184037663
8050288877
9374618967
9309006260
9295258420
5675493326
4663789128
2401891932
6970903290
1504183081
6135353287
4712013711
6245589778
4980595199
5556942280
3491601056
2533940135
7751916268
7219515696
1483672760
7446628398
8099037377
1503916982
5633315952
8080190868
1209898318
5325251260
4840234750
9782950069
2742074943
7665294725
2548116722
2133465939
6494225643
7876944459
1808827586
6630064802
4544930020
4019676826
6435934876
8834431068
6733028085
8301428767
5037649558
1848913751
6965033846
6485818654
7122015050
8571263207
1707851758
9489410529
4425640665
2440544475
1962154848
7247991108
6062561693
2767497525
3996695503
2377433347
1676162979
4172149491
4524017233
8014254832
4953276666
6424362258
3862471252
5393901575
3692094390
9495782813
6785223410
2339635622
8564704240
5915187996
1455379978
4336146891
1962407144
4481727388
5047975225
3722088847
3679916538
8736544708
4283605417
4868123176
4965566094
9659292888
9434194077
4140256679
1370089289
6283510071
9889559818
8509877103
8213769489
4048250628
1051965150
1626634666
4794371609
2709966952
8593728079
5150253104
2707661561
3682311791
1732510363
1921931113
8056081450
9627849007
6375413918
4597907446
4650798893
9765001148
3270503186
2870499923
7201348912
7695416921
9220788633
7027212365
6295118343
1052311990
5596995613
1723069631
4346261118
9781972132
1117147947
3151285385
9111307112
2809397805
2575664597
6143336556
1246623705
7041533446
2304131958
4342045131
3472521325
5781118592
9419265763
2255298819
4740396642
5431556154
1415751350
3072389094
2417092063
7843016706
5313920479
9131860697
5791346182
7408397919
3202410836
8139159103
3430577634
6911751085
6141971038
6742411055
5234039362
3607259911
9250868091
2936357446
9618500970
8461780564
1260844849
4364271344
5591160372
6284519104
5113861356
4001524717
8947470214
2037873818
2736517363
2621066773
5900451043
8694754895
2459948513
9867994661
6189765796
5778416428
9048807215
9445054099
4932672109
8044352739
9628663470
1923335957
8923846118
3896149663
7218716773
6003835804
5154020628
8023525236
7201754821
5706864561
6594933620
3593426465
2185835978
4137654256
5923270763
5791117381
3396517272
6969658171
3418798698
1623366018
6413898649
6749059134
8739772179
7382462194
4722607115
6077692438
1330644068
5514034021
3760652143
9996213738
7730982176
1182737068
1881831837
6902347650
3978205731
3235969020
7932371054
9845520428
8272807092
4136598538
4067216972
1909186539
2823440356
1721687773
2823796909
1209134106
5895255814
5294498690
9643022688
3124656647
7968347257
1487249265
2169687434
1329492879
4190777573
5188151962
2793675793
5820872942
3831145908
7176762580
8691459680
7452234042
1265912583
4925287173
3884548986
6400357656
2094625824
6922454895
2560001176
9963123957
3965739584
8655172285
7878491902
9125599051
1711626131
2528398381
9549173165
6648094966
3199611231
7111146432
8077188302
1188937241
8611502111
2326518618
2306403501
3186845852
1601277706
2999212734
3101325059
3538319466
7949014758
4634331575
1427174872
5758912797
4739199143
7856122946
7254235312
1916916738
4616539903
1596863359
5127774545
9091569137
3677166091
9531815802
8708817558
1715296473
2782188231
4144908655
9124217846
3927223163
2297653405
7717552633
7848264421
1477725000
9769060141
9688983336
6841566085
1988608278
6166060712
9544500649
7780157683
8629984431
1196425170
7577213820
8934615915
8438154357
9201457198
7961154513
3711858784
4045255553
6584068066
4256656069
9018477270
5508938516
1408384576
7599580326
4108205867
5411806641
9994723464
7957494628
6855867697
8921291519
1026409131
2375312193
5707426974
1606282400
7205614376
7363055251
1847157506
7337952944
1072090186
1918440344
4947270504
4573036296
8851996579
3406069190
6375289738
3846500950
4711095175
3866271038
3440700596
1579161256
6359536982
5145879785
6391157998
4894310730
6402548556
6836500074
9550632723
6490410877
6385240710
5095949601
3552385955
2130018413
5062345231
8716784092
8957739193
4655474601
4971065083
2364513691
8790322872
3965872187
3637913345
7212020916
7298842318
9916993868
7318326693
4282868292
9000921960
3301237907
5311663062
2014727677
5246984798
9867110856
6895138776
7912753638
8815431343
7463918520
4654755124
8891324054
7296835093
8586285713
4461537446
1062875293
3942365601
1786065132
3350314726
9237053130
4839381453
2494583404
7359444921
2093509325
1787514630
4604446442
8176832003
5282920931
5806991842
9003805820
1470029099
5867153574
6835022236
5806562449
4057428734
9028988902
2777697354
6029824485
6148061164
3537882856
2688654747
6121071792
7008594826
4998029441
1526889062
8847380697
9232742098
7508070058
9863983619
5354043648
9163067197
9767623170
9476712550
6364616861
9180827316
5227878749
6972908543
5352908265
2711534360
3127295012
2772079667
9804332125
7164682116
8978846226
9726171188
7980431221
8882634210
3843703935
1417504152
6173703355
3994203374
8051305692
8946067198
3719502238
6525084480
6074563419
2964650746
9148298870
9309441743
4087953282
7823725275
1307716836
1116137732
4075961440
8644317985
8943031875
7724986433
7064030757
5360750588
4987537084
8846798474
3219422101
4475483683
9916885002
7018876756
3545481076
1936048601
9287961711
9607451309
8509498453
1260867845
6212545578
8496188869
4852439944
6229188743
7908613196
3399548863
3830328313
4308371328
7988618624
3548078851
9080244275
4351653172
8116341078
7048808198
1019392996
2102712032
7442074812
6182361885
1379498729
7110616345
1239211454
2230923091
1996777616
5976854978
4562479456
3118803087
3267672570
4982473765
8417931285
9213346668
8636398777
5756971176
3001445806
3247352185
8196986110
3027012360
1259552485
9452408878
1038746722
4376990745
8336279154
9394298933
6086399104
8945667252
4786035428
8822636751
9145339809
5177895118
7570383488
5596871114
7033459515
7669193335
3122132955
5758364472
6599081536
9540188204
8523772932
8412310787
9025072274
8881586224
4065721199
5740828825
4137509480
4271994239
2999235200
6116123973
8453006681
2225118011
4802535527
8706146698
9218596591
1619509146
7173290674
1727221421
3124461520
5241421368
2315794073
2546999521
9688663156
8583761695
8187416416
7498852869
6677566311
6505521185
4005555794
9474638761
2136727536
9889276300
4087386724
1872542085
9927216296
9016386481
3972437849
5751877295
4368285982
6750619568
3036888418
9958709294
6380342265
9499015450
4240227988
7350525084
4141380338
9264249969
3787787452
9160509657
8957241901
1768665051
6155370560
9410058742
3717246313
1629699236
3344181438
4418022064
8004136640
1398703402
4523755677
2014936831
9216886266
5168870360
6248747510
5391552999
5922783869
3538725191
2365625505
9851453959
8377082847
5167717397
5494827682
2365411077
9801551615
7712511721
8304499374
9023229071
4993833806
2724251824
9277150190
2013804005
2120039564
7350271498
4092441523
3254773483
8737816960
3980928583
8700171134
1660969352
6091162977
1361896330
1466263326
8528735601
7526722461
8531773089
9408096238
4649367453
5647496645
7377981883
7656904026
8961552836
3876452914
4988206840
7887373125
4476783822
4409568965
2783814200
3831146815
4319184754
7204333815
1874309694
8830674419
4247032398
3153697182
9409580157
8103202053
5569507728
4685057295
7558100963
7668260787
3170132002
8637007161
8828685645
7616825227
1613866371
8845055909
8423588876
7828749295
5796813848
3388850988
1199508756
1124751551
2848923333
2890840381
9121741038
7097642865
9962223196
1463252603
4858240168
7082680642
7238347832
5764753991
6583292270
3840073075
1514540407
7850284976
2426230116
8473472858
3455428310
