5144477907
8244874098
1730293168
5239781114
8194404764
5470495737
4444787934
6793408791
2898040351
1044926213
6546646389
2113150312
9439670747
5315519662
8457954182
7538055685
1802454009
8229294839
6897817085
6879154642
6115917759
7224350968
2482326750
2435895569
9237151370
6645948470
8377786029
9651797290
3490703993
6505983309
9646511587
9578017600
4681578498
1188718550
4843010364
6227966295
2959604995
1384633296
2465037905
3175310390
9240024947
6354831395
3553209680
8786988598
4115532987
3819381676
5218807497
6024433120
9466729210
3351784820
8718776403
2285961356
4310954687
3993728404
9266992909
7510569202
8703003412
6699838598
5107188294
2547825380
1097670695
4391734113
3789107426
6832837563
8033356447
6184433671
7893562906
1432320503
4036879822
6368794893
5251844028
3554735147
1908684301
4757487888
4422910422
1668531747
3078904054
8552940455
8976415306
3778337945
2544586210
7912999249
5323556896
5333369144
4872484225
2367043383
4136251125
2637968377
4900085753
6250492888
9468786709
9258776706
8485343329
9962359134
2127262260
9993158807
1609075110
4390278608
3353031236
9898521044
1982708438
3017733680
6786663755
2830791494
5557588926
1480089692
9394012257
4813690482
1196066230
9005902925
3442822339
3537911075
9804458916
3493674200
6583514988
3878483930
1176094333
4186497512
5076414133
7676694866
8157126735
2619213317
4876770737
7670916686
2405360920
8251356712
9998625938
5614646437
4675708974
9247194818
5371356490
7198105547
5499654562
7770137718
8691293189
7696065619
6613088219
6407157666
3380203607
6597083674
5553283687
7883797398
3735049841
9616766582
6325773473
3980443929
9782426975
6827658370
8725417981
3388106808
7540013972
4140384715
5836879238
9829192607
7402782855
2031392298
4115748280
6466144483
8442835324
9411224410
5801000961
8780736332
3593160101
9744049508
8553284579
8512652182
6700160688
1878576624
6566668270
8851032291
1201642705
5528229878
2522006597
8526594728
2672542339
6820583845
8829704711
7330362240
8980247391
4484028959
5099654421
5144307936
4122909198
7228588578
4379383423
3533490398
8233072288
4684292902
6652400303
7131344714
1140740568
2318194402
8768981545
6097115272
7420813616
4736041086
8689455070
2722671998
3507085790
3436610618
6803979897
4825555399
5966517363
5344195325
6331915522
6196241810
4931008574
2238928104
4961133346
3552161854
3045922254
6680871778
8964468552
3117424104
6054903455
3577949476
2411846953
7949811429
4629018629
5497367014
8945333850
6129022361
3992142451
3459297603
3525176192
4399986771
6786149641
9263675458
6904561797
9818655710
4486676708
4689405294
6234863880
4851562446
7356252031
1046250632
1945412151
6887051883
5554246608
8636146517
8157598377
6272072014
6465802239
1167011187
4276376248
6431435909
3942799883
8709805656
1800237711
5155871024
3305420047
3432659324
9334896902
1804759836
8776102239
2700739512
5064094317
4033860500
9816695983
1307874452
5634538009
3463693926
6717595081
9360153925
2415843672
2187191695
5343327888
2782594510
4046322618
7308105484
6779189500
6779617361
6488943087
7539120633
8184654714
9654341325
5665370729
6999956360
8499900216
4552414793
1266406996
4989116102
4105569508
4473359973
5844277074
6634441349
2517197195
3442084465
7799139777
1486748567
8529814505
6142254189
8152400172
2558730630
7797391994
1332337799
6254990391
5896069666
7632573109
1634217312
4610926074
3723445845
5925291372
1541436065
2894650576
5274687517
4141884317
5490507355
7941265354
9986005642
7596238193
3380317535
4088464210
8475152416
7472071557
9592970511
9840129898
8971891824
5498754248
5387402029
1067918896
9736880864
2249877208
4827868522
9018537106
6253369665
2703832644
5712568274
4906727874
1013647969
9794548979
5528211976
3048417055
5644313382
6764340616
3653379959
3811065050
6509184121
1233903364
6956224365
8861396184
5277070482
3954105186
1451154045
6557273241
8038139970
8216378379
4881597673
1639793822
5138120580
5643769775
7062262681
9238173843
7725194394
5260225768
6095086351
8482637123
5407426741
3960342574
7356433487
4752098437
9691910756
1691910783
6710115117
1742178930
3890490158
4581354376
7243504263
4244372780
5800928840
9623984823
4231426842
2517256656
4421959947
3910630965
1744476873
2694636533
9979444132
1718976471
9967860602
2755017060
5306900708
1010771603
3731890353
1773528008
6020289742
6814874711
3436642183
1613973999
1819892014
6118221393
7650834618
1212882111
5180917064
1749425122
6324046753
8942652395
2090969799
9026550578
9851593969
3636471481
4472710578
8776665525
4464124628
1230456087
1784008543
1275531609
7251524539
2973184469
7862024519
4234402218
1349705588
2526873421
8366705168
6197151070
9906277679
1354074567
4784229387
2499660651
7979251423
4867354455
7654734792
5764982119
8726425479
1837894667
9006787398
6851188640
8187068711
6035457312
4279169184
4299809568
2176762428
7794092990
3721897333
6390962202
8271094211
2173643748
9331500821
3812874443
9267594842
6504294067
5533881017
8322122152
3502409616
9138472848
9353003505
5224423260
8740937593
2574105522
1375713937
7088265368
7655842900
3958541107
2456613443
3572874505
3168014854
8543006212
2948065577
8674775508
6370481006
3349871981
3372054343
3606822765
6198313645
6374202472
8711899737
9191380161
2324371363
7110375550
8844836887
1595494850
7068194130
8670108208
6086018852
9139105704
6069671142
1200325619
5600540685
2354111324
1788490249
8742546559
9628430738
4060751336
4901940737
2111903859
7509483337
7939987990
8227795058
9260664694
6039326493
2138818754
6859880270
5202569703
6171097090
3832916662
2626650524
1094244434
1762927055
7829620222
4816577649
9884454460
7173958684
6856249549
2369425359
9040057759
1691746392
4877921736
9411423771
9728308798
9753638105
1938032599
2480855447
7674570742
2506533171
3112315162
2138519095
6144415138
6490778410
4225555607
2445818247
7711930604
3768323153
4997010104
5308192581
3129814038
9691670150
5799367093
3326399015
7390748308
2562221874
3808198389
6714546930
3577988722
9046499585
2483677263
4958195939
1772002133
1357182707
2872886301
1496939802
5783113208
2883275657
9043296290
8537682216
1207713854
4341037791
8883728761
4690856393
3244385375
1631233364
5299522689
7011976020
7777736915
1747887320
7356788878
4981754053
7630454087
5189912928
1001476270
6033855679
5005779334
9610298535
9959265047
9099413986
2700713847
7707419183
6575152337
1594800762
6386094554
3459703617
8366231681
4146095774
8627634438
9718587261
1164086866
1907481633
5017087596
5320895977
7542398181
3508567909
6405965788
1074626227
1194142117
7471668420
4525567463
6393110121
5580467291
8150836517
2210031753
1714820102
1501075237
6095119700
4015013880
4829013595
5060512854
2659932498
5503697823
3828164626
1535464170
2549324846
3368370223
6212100336
3339573461
3841311464
7568523731
9151191684
1455471794
3513057740
3783633971
1519661493
8630898483
1613098753
7750845025
8741221911
7035942197
1002327601
9576464636
1812209922
7940169633
8703582468
4206077379
4220858391
2401608781
7775328012
8572003246
1701301351
5017192321
1461316312
2448557242
8768966247
7439857601
4160162043
7517793206
6614291582
6186219733
3027251071
3127647786
1899474592
3404847671
4171553501
3030435603
7749350834
3440540186
1075941665
8705905007
7191362112
1276604786
3383716283
5224158940
9443100000
8447782520
2904449707
8609567673
8845733921
2716396297
4900989746
9655518260
2744398684
5239362120
3826108685
5100398444
8042164713
9002090964
9640111623
9651586435
2823009314
9024608284
6995779774
4729662087
8989491932
7571394921
8608457943
4879056428
4082463601
9684239501
8441868879
7256124029
7586205497
4667125658
6716893423
7562106304
4129038190
9867095052
5559742207
2635723717
8740443057
3692000203
5333225706
2452425540
3443423701
7853703397
4631484386
1937263135
8936298550
1201221528
8447349849
9188673642
8787022160
9811467740
4578427730
7565968136
3421907350
6441905477
5716079092
7357095887
7377440673
8767920063
8591836651
8272514484
3274969712
4481708932
3124731979
3131198055
5327770388
7586673818
1667898206
9460224207
9970281083
1423923135
4218342274
5845148223
9348044585
2029727613
8645482597
2058773998
5982276258
3352598947
8520061577
6865625434
9498318992
6821974488
9229963250
8814086179
6567962338
8698617513
3588248527
6542069848
1976319433
6805038547
6911021214
9675781765
3001566953
9655361683
6450882731
2055307030
1796359898
4386635716
4375717003
8248651312
3147928302
1488904073
9495898329
6789783975
1141306513
5546375034
6639324815
8505914568
1137197769
2875407152
7685337059
7756668597
4536318915
2175737755
9788476505
9278712616
2919686846
2592387009
9797573300
7919644645
6237048163
9065607084
9965154839
9579148082
5863722194
6555425339
4718338813
8272558769
9422332553
4937583024
2258918076
3214417765
5609619190
7266295809
3787499684
3002843932
5101314086
3923139121
5861050049
4109968975
3525789927
2076205767
5665219036
1400090783
4840096599
6823777309
3930989833
2246359006
4747258431
6898469852
7332109869
3468845322
9210403960
9760047914
1558569124
3144347633
3940613925
8289103352
2689957731
5875756131
6016840667
6329913840
4147166495
2750779791
9953804523
3680419748
6063359286
3902453461
5006640006
6999605884
1224755301
9893681278
8134583673
4305672048
5901947715
4425653874
3873323863
1148314117
3693635581
7498350578
1584647303
2634272217
3963407498
6050400806
5856110744
5169974206
3823114824
4185455008
4813647417
4352601840
6909412981
9613519401
1873563228
3649383776
6108178425
8962460605
4997567538
1388074276
8137759467
5687946624
8111782934
4154316567
5810452671
9136317499
6384763863
6681514610
1486504270
4794701958
7180604539
5520125097
7961285666
7975396081
7424788256
5770225365
3480813844
2013911659
8459043239
5088030953
1296110308
5594714507
5973415424
7782184190
4944458525
5371620020
4808155296
5272303620
9281224176
6319697410
4911608018
7161713290
1936502830
4890583987
4660732562
8753787568
9606821120
6301042620
8191542332
8655666166
3812596326
6096270192
4421773564
9725469091
8386245601
2672725083
2470064318
8587497455
8918080477
2660218920
1573841230
8467797453
7659086354
6944604475
3376492822
7195239954
1022656022
5861216201
1567362834
2812802059
5485292839
7736496859
9438432153
4940619417
8270512256
4467651072
3531194645
3967128065
1213987420
4906418966
5451421037
1219330802
9460042528
9073800246
1134141314
4899572432
6497120019
2410530704
3148577426
3239686526
3575928630
5925561798
3494812600
1532558813
4567404424
9380054521
3923396539
6277296266
2294303606
4958301341
5042680173
7952964787
7292894980
6540723603
2315443422
7634384780
7621897233
2261089757
4839540324
2173604257
5154733234
2438743219
8736965692
5819070237
8033088666
9741991259
9614119056
6367269772
8594864972
8564828743
8929851335
5161128395
2539234592
6906915575
3273025751
3708854845
5550722824
6976453592
2793690391
5427254917
7291189338
7970913386
4227471519
2321289965
8590127098
5724796830
5880553452
3978115939
8845511808
1416574420
5213076885
2973379477
4290101042
9065683039
9363423123
2477660680
9349347962
2392368871
7623595033
5844136076
3024186958
9703132035
3616696659
4859917988
2214927749
5762106908
4042867741
6786542302
1327343903
3087414512
4243502622
4436869852
5097998050
2061711096
2049827405
8092688124
5701341620
8007078599
5388721563
9672520236
4272701146
1687679286
4661699742
1940002434
9867476598
4640103348
8274879281
9131890561
4362049203
5063004309
9620967734
4796322191
4100968859
5902975046
2930228528
6514623404
3861777472
1455181452
2684754359
4862792796
5163958713
1474329086
8250027478
5507510231
1919486690
6338848628
6649319175
4220588901
4319040386
6439637748
9227887925
5621645815
1981244265
5761855699
9307823615
4849095096
9161913839
3226325043
1128582680
6324931049
3231241201
6974631670
4931244072
5260779248
7036645506
5854120912
7516931121
5030729496
6072917153
3950304601
4246193009
8118599836
9080248863
2609908161
6638001589
8124454117
1996983045
4539566353
1024371696
6959143579
6541433061
7070448430
9719657534
7269173205
1189081068
5582705388
1387014461
3257598883
7460448501
2506264020
5720817317
4095149867
2492172054
5375139232
9415314520
6752375981
4381778526
6217716502
7088506918
3615040047
4018078468
1496218160
4180244301
4649756197
2893478302
6357904233
6950511622
3711224594
6294580488
3673202704
4455131031
2810576030
2912538096
6185758787
7935291554
5758613627
6497363121
2560866719
9783574562
7098348360
6503332292
8908183881
8485360933
5934558222
1734317513
9404221596
1009997949
3756823098
5120478006
2238260529
9641120449
1947386447
1034157266
9088437776
5263925988
4419374817
2753504923
9900445062
4791060885
1609616824
2024248895
1924292182
7799934903
6553228459
9389540281
8044609937
5856082602
7965259806
8420472075
5293172587
3239979533
4874830770
4802689752
5456472118
9166682784
5885676168
7215742591
2245839236
3695568182
6062574017
5236170140
6269047290
1442997645
4968208864
3303926717
3435930392
7523373610
7885629257
6875751560
8311932744
8217737590
5677945874
8768494893
9337925123
6257913403
2162677895
1626008778
9580092538
9824776499
5559505840
1807627883
5713180537
9775955765
9916549095
8406425965
3281021381
5612565630
2823817410
8250190613
5468903621
7530159039
4680296888
3385141799
1244498272
2135825197
8899116269
8352041797
3067279262
2127941822
9961710207
7940517694
1939809185
3928248859
9689773804
3496859424
4099299528
6081523577
5089203845
1273539299
5627641678
5143666107
8797932292
5253445852
8646900060
1481836619
8093329332
9336241498
1034097964
2065729367
1713644191
4689530644
5069103827
9366880958
6114079370
9007606979
5346576301
5823882752
1201148230
1850895650
8363868512
6159389383
1864416526
6173684283
9580391251
1868289471
8444169284
6171499397
4795843726
6758471177
9180031396
9824277571
8299919872
3138822825
3487034968
2168688680
7657328337
2158443363
3246222062
2037968509
6251812714
4780295049
6036817861
7203350342
8278613104
7149150874
2422708557
2534303996
3481393636
9557567338
8060588403
6970677529
2444085232
7100934365
5923084082
8971987071
2681020953
1783458433
7543236748
5105997399
8809722467
5480559525
7412083628
5055774807
1200552775
4251932494
2667979996
1335418224
1687391232
1238474597
8489360866
2200972195
5535950445
2377560987
4807506671
1668587958
5668166581
2737453886
7402177283
3186033986
1508502172
3226119448
6950396227
7873441853
3312485774
7527380998
5196791410
4013372492
8644935161
8140338879
6340502113
1274453539
8409890014
1243504366
1585295626
8407816783
5133482381
3242120101
1878720029
5172997575
4502265009
8148403094
3865774357
3636625289
4833732587
4397765135
1724211562
3316440984
3322025211
6267046094
9749965824
1413222234
1416932448
8026961976
5217173223
6019863990
6294720710
4781267734
6530965616
9829078842
2457380264
8527294345
2454601585
6705399697
8854382966
7466319407
2061594575
9118203115
1402744638
3938816806
7745144974
3135515233
6061893105
4984673947
7571290881
2151355565
8300607193
8337033238
2292151234
8628232320
1874863241
8504865964
2413256435
7375940597
4397967441
9250772894
9293989260
5511790543
4040671961
8888761914
7009627735
3262659986
3843838158
5605859780
5565039471
4016853522
4585851187
6883222016
5800429219
4725186379
5970587375
3118878735
5231839984
7446068278
7074398928
5650758222
4742259659
8533005131
1319026857
7641286568
3502871352
3517197334
7210520980
7659171998
4467701311
3270761594
3407040161
5483051657
3403179097
3446281413
7552020499
3631583134
4077435491
3016064600
4062990179
4894327359
3106019087
5961844096
2592871215
5060475402
4685349898
1931160705
3006380482
7224353542
1155058064
3017665342
3169428968
8771006349
4333691349
3586357537
5821041695
1193845720
2448944524
7278512545
3286171803
5852246237
6499083098
6168874631
1389238115
6126872841
4349368803
9381362312
8249605409
7015409567
3143839638
3430989606
9111877208
6549389860
2525793880
8471450350
7725317546
4423954475
7778157659
5952228286
4839782353
1018861440
2601585855
5199484426
9651765003
3612884635
3983987466
5589308490
9739706235
1386353942
1442839382
4949679582
8695245841
1955669953
5884043874
9101970644
4290581070
5868096513
6496626948
6910115575
1316612352
4634643399
7301010433
3385018146
8051510710
5305214678
9440944893
8982550617
8125836374
8541554201
9709171046
8386990323
1605419921
7330971011
3289711990
4556393213
1200976109
4035104713
4162705950
6410694998
8041014153
8533287101
8780392657
4596642540
1887476204
9210936724
2947440559
1940700222
2190456717
5692659652
6261611290
2900258863
2416129247
4818832898
1313401008
2973036022
9053955589
8717577838
4824871624
4033931015
9480328237
8654262408
4796374437
2244917992
8113632919
2872443267
4809947572
2986078332
4457766369
9809575191
5726798389
6010935610
4834515429
1650096304
5753118883
1466367948
1813131395
4320261354
3817436713
9572823571
5205364890
5955318749
1766545565
8303283294
6414197813
5043561726
8140827219
6186758411
2628652378
4288440928
1116707259
2011218805
1162687171
5949181474
8403586469
7633178992
6752906343
8407475154
8881150393
9553551230
8983290459
8560096726
6687502666
5187997826
4894491937
5398933540
4087099126
9306855410
2151494424
3518759339
5401712449
5715248798
1980914357
7169133151
8402063789
3446865219
4692464863
8167605292
6343701665
4367943713
9986568858
6088416457
4001103681
6562608395
9455524871
5708418009
4010463157
2050505701
7766074388
3500764609
8972557227
6756672401
7632440258
5070285446
7927623144
7366849626
4648600687
3561933877
6940184894
3621458628
1816687952
5335087341
9076037400
7674593583
4653881556
8417563255
9833180620
2841593767
3082424861
8296646624
2836350496
1332767740
1052936291
9602789392
2381420327
1029141973
4468308692
3706259742
1957845846
8360796849
6224391550
3333856825
8339525178
6260934369
5715665952
5841118230
8901197762
3139192410
6148800401
5416042599
4193470282
6790984737
9434803225
9487025977
6625094666
7151221033
8863461131
7111363271
2998450148
9752302874
2112300564
8644569854
1570766118
6727832473
3495065313
4867984110
1020216484
1857632382
8682165690
6692659241
5477849615
4735210814
7811302034
4279699227
5238159653
8179862549
7137072772
3244485735
5362091788
2161077880
6355455565
6007434074
2508997012
1714318112
9552031104
3075125002
5029765361
2132208429
5470693805
3119993569
7583206069
1103318503
3202703980
4775116473
2372400517
3832730703
6322219019
9662844917
2224023660
8224531695
2710727832
4884526658
2270078955
5868371910
3778456418
8923495956
5539507804
5479586613
8815701357
4232408390
7672401918
4560169330
8107392599
9694051768
9742509045
1940331145
9612796732
2346825230
5566359555
6468099571
7304757679
4711698299
4053872497
2669497328
1063717462
9824968910
7774392391
2999389093
3984257701
9477859841
2670091656
1421618371
1979830248
3098069202
8828493347
3250944117
6425585574
6046744299
5394040347
5494375884
5935198785
2604016688
9425553378
3450755354
1463209650
6958809439
2499192443
5004942386
2643121641
2186269460
1229000702
5050303223
7185115738
6055880786
7189380814
3731086809
4092830196
1237120898
4226716237
3073765489
5901700243
1056346837
8425095133
5970682274
6059756252
4012799193
4652644185
3868055076
2394117555
1059649728
1283003380
9736603368
6396731378
4707950047
6304971146
3606293469
2802626596
9249602026
3560715652
9794492210
4042116825
5111436822
4743691161
9802757366
3844013437
5873841885
9282797009
4155416174
8547424660
9158620877
8000233051
3623384930
7829363819
1931863647
5130081428
6293116205
2793696013
2022893484
3475713430
2158469646
4859214798
2492261846
6388284202
1536480333
7505009657
9456727591
3257671116
8105289624
5678638099
8079982479
3585175266
2136872873
6578706297
2155303100
2628153127
2678464370
3955110059
1518806535
9286588273
9378476610
5058752379
2730316562
7881555428
7500160438
8433381645
2329512926
9003965115
6910593229
1433813211
5220928663
1646453994
7481145804
9739129103
2147228459
2099293224
1719328365
4227956883
4511461819
2760255601
2974914371
8743130217
5451806485
3667358663
2453119359
1541643239
8975245922
8187867987
3404078115
2674563750
5832181494
6371814584
6740838053
3034091232
1507923273
4700772919
6623140800
2700005995
8083473184
3485229785
7555795597
7837274534
7632954545
4216987305
4388728705
3329193663
7815416361
1888193921
3131237440
5680046722
3532797128
8613827748
7868266994
1266939789
2175714947
3279122590
8103952669
8510607526
1718022021
4697436236
9695183509
6222053061
4276270299
5054558485
5289850828
9911194217
1170269197
1586218583
1643608924
4358432586
5283779049
9631919818
5206036285
9294425212
3896871220
6145054182
3107476689
2740171759
2485463476
9544535136
6852134616
2689041729
6582806890
9671250984
9604101992
9689221652
1645385424
4014464799
3821553491
8200422540
6024158168
6787848104
3031971642
3976310965
6837548287
3024275193
9287184798
3352351929
9844143462
9291697626
6229966909
8296877382
9494016002
1825345211
3026335073
9186142813
2418328522
1909771033
6196062638
6179329830
6011569228
9432341334
5540092295
9010049111
8429859782
6873008713
2934462237
8153989560
7787376481
5314974918
7257354705
5652054140
4031490479
8437211060
8119994389
1405693959
2530987968
2678922335
7879632538
7265578275
6092360689
3982060438
2924241941
1207706245
1095180147
3601200972
3578723837
1383226596
7487240638
7579699593
1107342697
7336279370
8648872107
3919028940
6708124080
3176075351
1498342299
5913222418
6087305966
1225131234
2187901504
7764771663
3815480116
6012605440
3421690055
8196184023
5177679140
4911588262
2162483302
4772729081
9130479018
2584231195
1639406789
6240893624
1789382005
8623271761
5340452393
4839788732
9340416177
8586507008
4519704688
8508188332
3773165143
5199308175
7771602476
2405502776
2611857888
9184171790
5442031016
5945245145
8165992042
3325946872
6160710844
3628137799
1053949799
4901725825
4369943105
1451792460
2847970118
2731349592
1613184915
4093370249
6782514537
8334296381
7868087172
1947584036
8850269992
2022214699
5153506239
7104149921
3006182059
3393329983
2470065759
3975168691
2129478816
6275828814
5343945325
6518744907
8463774453
5098208606
8402322542
5448722280
4703914845
5192717574
6368267792
6652132005
7202776005
9989099860
6995833620
4286026890
6885113952
1151381317
1649079209
3474020970
2022621670
1821115304
9676418750
4110813942
9079409753
5451669979
7974302980
2070520461
5395415597
9880636821
2012890282
7334317120
6670045309
3488191079
5581412807
8451887155
4037015880
2810893301
9081397980
3248161236
6540999385
5256350254
6699214371
9534186909
7840183730
9813046136
5265900617
2642532642
5233534963
6667013897
9167393509
1708911579
9015419765
1528313224
2963585858
7340832679
1402306480
7051638319
6786724827
8968621760
5590731641
7830311151
6569299203
2467728331
6611024292
5200205625
5091761089
6632580051
3627880077
8850273725
3564314388
4461947668
8117115507
8284690562
3590948019
7233086017
7171289875
2872767378
4929839300
5537977005
5810107381
1683534991
7812123852
1804014876
6193719061
4111431472
4405540424
4508795246
2767737400
7118721356
9180760108
1705396923
7976492839
1330908290
9933211131
3214812677
1215024269
7411268046
9350292981
6045881336
7915993535
8803652589
8559730621
6761087624
6186384577
7059830969
7818515873
7735506264
2979455000
1148606655
4547694286
9245962580
7583725800
4179459293
4935233237
5855558471
4789184249
5896850127
8250236953
8196128080
4785322785
2762949027
9448720659
1832238874
9408613199
8831445147
8424346378
8739478488
8438361349
1031201102
4394258645
2063974168
2030556520
8181762800
6763986855
2717646966
7028631190
9264956065
5198481264
8992887488
1170638513
7915564751
5689099272
1888157099
3665909565
5412180181
1667737569
9902932811
2985924642
1594255997
8187396698
6230369586
6045943789
4067804988
5044889086
6025596603
1110095367
1251382967
2488585558
4032355599
9093844623
3950174590
7761526587
9635574374
7556012987
5488158973
9101179389
4534691921
3479211389
4657469286
8349331664
4782081167
5322767625
8198805437
6489665031
5776388642
6637609248
5628704320
5469098948
4883564707
8434412359
1559092969
4482888065
7293244586
6518654486
7165737162
8384891989
8188342158
2448570044
2236925784
8601338747
1868744977
4442653860
1387719889
7498307778
5720534771
1579978417
6902236059
5735061231
6757655641
4960707693
4780885139
3525757473
7860629177
2707911756
2641829490
5042385225
6061924816
2535306867
4471860591
4764070816
2205906247
9993421399
1683874163
2115229504
5447900143
8521854532
1549896969
7855052776
5618005372
3271938390
2580630922
1332112128
9707651743
1749833887
3693745774
7290844937
8270440258
1660616256
7053866883
1817640959
4972576339
9780169426
1989119751
5113028888
1159666616
2387374395
1810633297
1064008984
6031833484
1605569715
9786983308
1149527640
6160909281
1031698355
4612587340
2530072829
4459459002
4071864632
4925305840
6943733262
3653793107
5812147749
8140726651
5129598287
1425794484
5405366971
9245746552
9515122334
4789575629
4857573612
1495524306
4094448515
6811611299
5670700515
4384583302
1110950027
8368699249
4518078958
9411708851
6106546622
3084336461
4311509521
8189525635
1326462525
9901490095
9669034994
7100949821
5112190638
1646146194
5412442004
6246715400
5575851963
4215482512
8799800460
5453027813
6044351749
2497298052
8909863916
5112717174
1379340325
5623627144
1101017230
9717145687
1422772239
4044092556
9505684156
2145934114
6016486303
5921634282
7352025005
5135445696
8507508314
2852825496
3680151558
9103770729
2115632570
8742942014
2983879331
2364611223
3952885536
1396922086
7751287153
2712301108
2826923711
9364425338
8533287519
9916039514
8791695984
6690628416
8360211929
7608725257
5036102123
2372997871
4572165618
8903536454
1134136599
4724758243
2190677122
2443653799
3892036553
8859096962
3450189445
5020691498
2764333846
8278017161
9106519435
3017956896
6543727467
8057558592
4622235735
9200054416
4769193234
1748947822
7362624064
1732573099
9168635950
6031558079
9314530130
4897237689
8807770485
1101929862
1736778307
7837081609
9666016197
5326038208
6845756419
7674106352
9628911798
8914314508
7280342620
1965322303
2719391672
9197460641
8660735295
1649940085
3848637535
4383684318
4792729220
5017043132
5841921923
6069039219
7333165331
5882362067
1277324178
4709021507
5487813277
2667071881
9317500056
3193481523
7946458761
3188086220
5398372562
7750914563
9763695330
3598629943
9642425161
4545458119
5847142225
7767063160
5865818659
8132865699
6989306446
1156493362
6690245339
8507562921
6101818444
5985073034
9029415942
8752998410
8379064257
8812107142
5033482376
7744891067
8067157004
1174283057
8010526167
4737594529
9561959011
4822278525
3326738521
9727999039
5627128633
6821138845
2940143838
4614141419
8490896415
7348910168
7489124470
6341655472
7859345384
9513998945
6383557327
6737950218
7387869273
1645064051
4594602240
7919550594
5939598241
9631850700
1419234093
9487611209
4488208242
9628790567
9522901427
2865110824
1774539587
9838650145
9213471144
1162547422
5169350057
9718550496
1147982758
9086210804
9698882128
6260899821
9765334152
3533954448
5533991024
9267687958
3035099502
7440557194
9382733976
2016173292
6149402807
7304232053
5096154696
7130064156
8249353789
5936524407
3426319609
2531386556
9881711220
1543465470
7261062315
9461006429
7852609161
3668034470
9400954678
7670439774
6662766565
8232881229
9822595973
5666702528
5989107484
3921573516
3373290577
4368805711
5577584935
7800653451
3418826966
2430385808
2221875301
3720455345
9604466778
9978990576
3854087236
4616187478
1487608950
7224375133
6219757089
6281501418
8690834086
4594370414
7692456747
9918183029
1335171966
7263365449
6494918740
8640058894
9257838025
1691702772
2002549183
3642810808
9015019276
8800326153
9793409668
9859821538
2422227396
3322116671
8098828509
9875267264
9757336427
7956115993
3493778889
5396474715
5903067030
4379908670
6047536415
2936126078
8847772770
8176490468
1085639971
6495110626
6787657835
1083277291
5399210710
7659188303
2515357388
9770763975
4755110822
5094763356
2566633244
5642979261
6034522912
9474894660
3941123356
5809881628
5188681460
9973327391
9477678424
7130515917
3945858257
3261233902
8025254012
5958686167
6702078723
1617321337
1956726144
5261219232
8857113346
1618658635
8783788570
2468766134
2250081931
3187812815
4452517439
9277352361
6483858634
1245097894
3381449931
4783034792
4808527968
9944697549
1237564164
7605495158
4196399747
6549356440
4386870045
2670823511
5751877188
1419028649
3313587440
6168012210
2139044645
3199843858
5369202847
6216166306
1055738251
6697092400
4735515955
8688503484
6592026881
6185099604
1676055583
2801236383
6403280941
8598369324
2794340306
1191300894
6797363306
1370468869
7058583726
1348741986
1592402248
4680612672
8557102615
4417456090
7838464198
1161282397
6889973807
5493427946
2090692069
5215420021
7318302104
5020256182
7240247454
2888439627
6518783088
3445764018
7975888311
1896498467
6136025757
5746774418
5349649494
5909773834
5166606775
8432368887
2143058608
1179286573
8618387395
3506306645
1667882250
3380977367
8850872353
7998889159
3201777739
1001878991
3419758459
7755689065
9353771838
7627503743
1663954628
6756644471
6019988919
6025072849
6953558650
7014195291
1816537860
9598812938
7737824163
7570689213
8403618445
6165492678
4705552335
4273578417
9276024578
2209485965
2006465095
3998443704
6869232569
9705109463
4501788998
8278384438
8890022456
2684914466
7176149728
5723356007
6521190361
8463735939
6903699114
3311509854
3543173257
8975221404
1102633065
1128033016
9983735698
2715702012
5312441544
9689397393
8323136605
4171152642
8487064954
9277546768
9846323217
3376592086
7383913746
8849179324
1852510086
1781066943
3771915074
5351265259
7714593001
6888563806
9852489008
3816416785
8582799603
1461157210
2802493093
7322743357
2871674091
9200559026
6102131427
1074026825
6036443310
3435297795
6234098837
6682484231
4795370666
8703758956
7181163087
9562299117
6126401143
6465440327
7723648312
2829122453
5970980792
3836349363
7468391261
4470751695
9368706512
4629161312
3804957950
9280836492
4526149620
4743514147
7209073166
4844996338
1149417105
3977564109
2692244771
2556138561
9064673163
3175894346
8154976077
8008752435
4412382019
9968801754
2010736559
6801976085
6137763780
8179448215
2971586838
9850904401
3719255383
9121082796
5609618887
2873717870
2940298653
9176301038
8475101747
1014229508
4725058157
6796339945
2492871314
1124687283
2973356733
7286738021
6034682375
5414660545
5699044937
1540310902
7217036560
8188457769
9592593217
8217711794
1241412606
8292506410
4219988265
8097258287
5339449924
6834005350
9043270140
8130087220
5381837173
9630201741
6584592623
9509811000
1330169383
9845268949
5503457649
9248337903
5087062293
9664742456
3074854560
7397887448
7870076051
2719917995
7405428301
8622661605
4244781216
6880317939
4300343005
9396632883
4931644901
9313220819
3629912777
2177805956
3455601850
2848767552
3568113090
7783282566
7632717324
2517887915
7566039433
3848825265
1249533545
6827779397
6298262818
5364855961
3173904526
1385135783
1875119544
1131169517
2412174784
2171050650
5342512412
4781679580
1556064209
1001588139
8043636628
3476871364
8199086694
9578679763
9738765258
6239661446
5964591969
7666779905
8045586198
7382563742
2417076543
9519384472
6126032698
9929597376
4665398697
7249446777
5014400444
1445995366
3616702221
3833766834
2203829715
8920579268
6511048240
3878990350
1370860727
5705125180
7278303019
5584767154
5782470350
3506845994
7036943982
7915706103
1278338205
4775455578
5408605516
7078268257
2813075181
5904305225
3256164400
3243371942
2409368011
4085416884
5192756202
9433761774
3130368197
3482092272
9836907301
2967893101
8659838714
2971159959
8481054631
7238719959
2006855126
3872952922
5646703232
3815386973
1243548839
3872351220
7602897146
6889360929
7575275071
9856607677
4216381556
6839013134
4252371023
9889184576
4281298813
6325994018
5530282472
8326930520
7589223594
3924563480
5173614937
7827138476
1602985357
8669051505
8366389501
7310166315
8652712436
8761256785
2937072618
9214544536
4383063563
7988092464
1708214031
2600053813
2537330322
1136002393
4320767009
6731433954
9546752466
1798150860
4395938013
9057445642
5238841253
3722672401
6966944891
3378405886
5352857992
4907874690
1604627868
6076207509
8640438028
8582998568
6923286739
9432683622
4277661893
7115311742
6898811996
7999377765
6071575178
6834999163
7416928627
7960643627
2190375862
2761359880
4996035316
3686664573
1382736692
3198438994
1210484171
4503762313
9294745464
4354240067
2235308695
4567338929
9134012598
7801055284
2293509157
5390689527
3074725302
5009631773
2127194773
3780120425
7454613099
7645608826
1690657611
7479200963
3606188689
9972291306
7258994242
1057972272
7327717517
6696527000
7104101586
2369538623
3937498431
1897121010
2589266394
8255134968
3051449739
4687552185
5793285539
6152865790
3768914293
7548350900
2390059770
9488146866
3124653085
2969485239
7119144020
6750268621
2325567605
7688437246
5558145829
3763943919
4842402683
1971728076
5519317594
1575086063
5455048237
4046943333
1430559994
9350051022
5798354564
1078424994
8335812504
9439720139
7114373663
4825689725
5216493055
6445412675
7259641666
9273694840
5150823900
9796312521
5068118901
7430879419
7399889245
5104311733
6188084628
2495671942
7426757549
9918721276
9776208615
3812349370
5242882508
5611983061
8423055709
4479400232
3644285321
4584756915
7529624029
2364997249
6527832060
7502406756
7548158598
4159153608
1351128849
8635695156
6463843659
2809400933
8786790476
4447727714
9752631383
5378581912
9668533926
8411637882
5691042473
7327689509
4442324178
6315745884
6867084223
5225318884
3255817510
4520189657
9375944745
8742283178
3158843078
7476006013
4366040745
4952376789
3645992819
5838867432
7185997404
1299017493
4220085906
5618122377
7338975022
4704396337
1699607796
7239247913
7657927636
6916841223
5904488629
9960624855
8641127764
3785157473
9191700318
4143176292
4270421048
7217399098
7213925619
1501135444
4535778163
7113010385
8939454114
5498728633
5686895742
9376264408
8324448121
9592156257
5496029282
2627464365
8198301203
9499294960
7361137479
8381024213
4372168624
7969037367
7445454730
3060100317
2902022868
7143456668
8942014335
7843081722
9573561724
6799368419
3752961788
6165459467
6285765325
2246116453
4225897185
9402593054
3011808652
8603605695
8548269685
9038323509
5468700831
9117061242
6750569695
6886134728
6948261221
9422803720
4918291286
7069182488
8237403420
1150834460
3529786577
3534350633
6737277461
6239228791
8542406790
9861073281
8669460885
5056084370
6669646849
7209346539
5175927097
4664432868
3338226465
8026179166
4319711674
6573862834
6827434783
2621674865
4154722568
2681699507
6635046444
9049715632
7278638438
6187918261
3192999687
1550665111
2132678779
2338328636
4284937990
6742795246
4647472990
6164527041
8335556928
3329971375
7974591761
5535724161
7068228672
2898683288
9513539739
8944715477
1696676959
8986583831
9241024688
1934093456
5907459669
9436693959
3069794309
9096650883
2761271122
3718018040
7325641783
1226725055
4151832091
2424510782
8446824406
2902946075
3222037246
1000192074
2776405790
9110379538
7169932640
1723983312
2017337894
8374343808
9538806169
7581342416
4324545919
3375585737
9964394292
1855923761
7614116438
6734198034
5947076497
3142797925
3652648722
5340288809
8072434819
7766475949
7240472629
3379944292
3673072977
2197820486
9717948131
2069897921
6728426064
2537760966
4077336456
4839958175
2258037675
1025984974
2381049467
8248489666
1862249575
6325792139
9635152422
3622047016
6698912640
2988076693
8818337561
9766946642
1298678330
4072731660
2963110333
1247150093
7353269558
3384468548
2190624152
2992867913
9009526732
2085034401
9460526742
3438025726
5523610790
5345175339
2242759990
8865407339
9578196871
2479534093
6530766916
4764822693
4000612903
8484249563
7685685528
1213581939
6241368371
9870034038
9098203613
3004220173
2460394532
1072265773
3879016684
3816828951
2633737654
9400695118
9294864242
8617854633
4356055975
9661638250
7752926957
5953011317
3569526471
4324431521
4435407211
8013717812
8583966972
4017887206
3984824638
3905772777
8855257225
6819601855
6073370669
5230026199
4122186725
2225978121
2693467420
2133937409
9047970642
6163619574
3809200761
4201712018
4915100587
9723243811
7234522462
6714664816
9175823938
8565640677
2733714263
7571522463
2411953075
1088166767
6988345086
4797091316
9148541618
1927003222
6643043554
7497289937
9820921454
3251360561
9050023844
8136541398
6462496892
7893536956
6515006467
6177898157
1671662289
5999779092
1797807645
4804519819
1146396911
6690929861
9160006967
1334714180
8046817445
2818987130
7415870487
8357368519
8304701149
6369833002
6476791743
4828520339
9152218317
3936744573
2900714873
5423436011
9749924528
8918305470
9340233733
3627660260
2851537813
6806508116
2231956539
3709290538
5141854441
7968114664
4583879005
2814545499
8498557572
8524285249
9947637380
6887345549
2329017063
3823983643
1755648423
5408983746
7443791016
8442338739
4099290598
2641581503
1683263941
2864564641
1095939052
4474619095
2825578245
8505005514
8361964466
5609935128
9133737160
5446203951
2562293533
1479662818
4492767188
1064225014
8789868000
6879704086
5408532766
7865795260
2457976691
6539195905
9123412950
9243145222
5553188765
4650284279
4726924663
6485698412
8125552046
9414286998
2781497888
2490922491
9975155687
2109248202
9151890726
8348482664
7198794706
8197129442
6189503867
9448141273
4695076202
1173049901
2284957563
8186638243
8554503356
6623435051
2458095791
8409957538
2082094323
2837187627
7373140020
9994265071
1178033726
8038205889
5638764225
3956001806
4553928268
7083022673
4419480510
3469037307
6426694207
5653660659
9850261579
3549642027
1071706379
9510394544
1848780993
8830277988
8468436018
7266431545
2622746451
5165027509
5069523774
9345177233
1141975514
3018525290
6354853530
4474558230
4384965435
3318511656
3594687296
7480953472
6815597528
3919273608
7752347149
1572358190
3848618753
9595404714
6493744895
9462805071
8446759595
8588441167
4693907048
5316157025
2502447391
8261877385
5587370454
4518728597
4721005321
9971540804
4172661860
5534776042
9112087455
3610348716
2211882369
4822166320
4013659372
9065217270
8718440363
6907333818
9275450067
3631219378
5659135328
4843462314
3926064531
6576919779
4980858236
8888257545
5261925843
6524889503
4883375891
7310136293
6116297132
2709403605
4535682689
9200904504
2890627935
9358671338
1942677597
5141409225
2439749570
5667541167
2603750961
7980155708
3872395585
7129336896
8784893403
9360380086
6119176067
8027561365
9037837591
6385390867
3961084786
7924183281
9439725409
9197204429
7105183605
5172983188
6142689507
3556276187
3637886444
5112548553
5754639535
8208141684
5591289761
4848558268
1127585686
5446951086
2664928905
6054950636
9679895138
4865249106
7120213077
3883628640
5387558565
5347224435
3222019633
2348427177
5509237863
5887135782
5483326235
8778780869
3379307233
7209261708
7106817009
8904069786
8555682900
8695352550
3253724121
8950767905
9156099543
9532293607
1717731288
2531424014
4833658868
7556173325
3466459095
8654444268
6420788444
7227475254
4574050353
3927268516
1167770102
8034754211
8697194591
4482397264
3435130265
8022215321
1512633521
8844330283
2260347198
4774826378
9078215499
9819483315
9636849226
5424635437
4275559627
3298274433
1303073588
1814803984
6362756998
6086567277
7847634287
4035716466
9170988795
1391938672
6262743674
2793159534
3788256896
8291871410
7356071569
4560397691
3086841065
6526355661
4292816975
2508036264
3328304033
8993267325
7300278420
9690797357
5512946545
7144395877
7322789633
7402952754
5888102423
4327295574
3779884537
4280794946
9982048992
4068096813
4179114226
9375695276
9067547873
8044455554
2754772746
4274142937
3655073368
4507106843
8866184334
3271591311
3283701102
7275313105
9064282872
5503144717
8004760624
7002328510
4681689596
6186537206
2726753384
2233210992
6419944795
8609586826
7137893784
6506700803
3042595622
2372873745
1613442463
1888323459
7095450049
9120297847
2246955657
4420940088
8462290099
3662007442
8751037178
7977817276
1047162104
2501850582
8194323565
6901031969
4042809674
3851777277
5117091097
2134901374
5097147851
6968799159
3190515707
3120191082
5714787101
8969882874
1269977910
5253366025
2595299436
7077259993
2619375453
9445450240
4367714290
2248434565
3114959270
1380258993
2544986580
3812337904
8445299977
4276444056
1468068438
1805176971
2549155191
4101559462
7587941900
8866597658
5902947339
5895519061
3446290449
7684643628
2201256423
6608397376
7196079674
8375676362
4836124914
9097853043
2547441125
2276427247
6031266086
3854189036
7566547411
9698702146
2162418421
3740054504
3865524096
9135822306
8627098253
3887270906
9147568811
9139270676
2994605104
9562916718
3930704292
4669263565
7635473128
2853741184
3999660062
6189850536
5848881200
5566075179
2362611841
9694271921
8560566274
9003144621
4318398430
8222079645
5713353009
1695530868
7230820517
5320184881
7367128556
5543652421
6873360856
3776633517
3629781116
5303496163
4275969317
1604466040
1190190705
7886772761
7246509959
5575092026
1850113643
4090537094
8214915625
6604898426
3180529982
1068915012
1590951584
4613818161
5945138932
7406037952
2534947372
7121195585
4397400553
1416062515
5996352748
8259608573
4161256966
7350980598
3730034458
1626712207
2823352256
9792934196
4355606677
1265947397
5726517043
1626390313
9795220589
3864504214
8958410546
5009620929
9816667446
9596987827
7042642876
3623907950
6727681716
4466037740
8234124346
5908211609
4164829293
4713142607
8950889719
1441305378
4868279274
6072543893
8940330422
7396870868
4037119749
5325003739
5794908576
5912063940
3644148791
4738134537
5540931954
6124691319
4407668970
1436509659
6977161869
2820827155
1295338782
8206087015
7973253174
5300262155
2738812082
5521673725
6789250765
4954177900
9685216478
5163184508
3275458720
5729485067
8250488783
9531992784
3073516771
7429202554
1522971580
5918636930
9646186069
1537605044
7148450421
2845954346
5202210241
7996075530
2082832016
5864989542
6393255058
4187683897
9538089395
5636395389
3842311535
1917402538
7811971200
1236306458
1328294339
6435630240
8522811262
6273526564
8995702308
1326686596
9607069136
5402063047
7515584473
9851024351
2730160197
4506245347
5619397670
1364907568
1226487561
4914334228
3677663635
2275022274
2155421882
9725743666
3567722646
9099100998
1306547479
9076001079
2009299247
8313468976
4780222759
2983653448
2458558900
7372842482
4842509815
3900292587
4934439466
7020480072
8020919570
1625792239
8891743088
5186715437
3568458454
7256568676
7131175247
9701257091
7304867916
6749970461
3115048722
6621852349
9720024466
9647830648
1723316677
9244265303
8512601880
3802881725
2014446408
3181458941
7565716456
2306580437
6138708191
7032497485
4870065203
5678930161
2970885805
8008752946
2394985375
3578880359
1750961164
1585058304
7443840467
9633881293
5834854126
5449478873
5774518154
7427441537
5486274813
6590417430
3695758891
8620945848
5256358782
9074943675
6212736846
6404777927
4184295555
9666943248
5441056938
6637646991
1862631612
8456838437
4242571857
6750975529
5861778870
9475373185
7215864407
4344964444
2881234927
2876912094
5518347808
2431230919
1418312527
7956574069
1072505084
6364407140
6552689397
7785321149
1903678928
2146128589
4459007618
5638708168
1632178026
8503393084
7624356672
2455391326
5022270158
2940578296
9360367912
5394668994
3085095984
4059124181
1476240585
8839807581
8598712360
5213633416
2892830983
5063117895
2764440274
8280689570
6805469603
1931384401
4486970601
5962919646
7687596011
7267257466
9128303325
3487024694
1372920045
9238949121
7719153862
9403516668
4056643497
1898187627
8817566691
8344839715
2568804474
8018664440
7149192169
3694893669
2184497647
9848067179
2716300176
2867014939
1221468057
2816410936
7777049333
3023485333
8934248453
7914714212
1786350949
7668810307
5006816395
9041932638
6640848042
1820355293
1676709831
7476149582
5468120269
3702392721
6913115961
3519545507
4546449124
3342433748
3077019137
7218033823
7365827861
1002928179
1620578347
3096893308
7585721390
8419667972
4346114053
7552551167
8409168093
5655118770
1631307147
5002721396
8731940526
6896496211
8833276727
2320134986
4924110561
3327143397
2090192729
7288109073
3822372707
5655036369
6856095167
4753836109
5628215256
4990150094
1575662371
4499374018
1438710853
7504212654
9281244539
6694087286
1626814582
6732560593
4470109170
2098854320
3723582680
8719851140
8486309774
2407395389
6619147035
8584695896
6497147653
1841652125
6775176185
6389035593
6718254606
6551098449
9426642987
6825185808
5893335045
7450809910
7339110086
4794648450
3099156767
3551603551
6059531689
1229226531
9279486393
1358437677
4285812175
9020119525
4706896028
7770170274
3988381180
8448514432
6139945820
7302882179
8807612617
6835837325
8024842265
1092270255
1868666770
1347805554
5197407385
5341403154
2173528504
3619721589
4931340797
3294117067
6553695698
8463754762
2767256990
6531446487
1573927514
5335237315
4730917571
5735606740
6943046280
1496206313
1382503297
9825010176
1602582073
3234186303
5633739173
3283113864
5798973075
3597828859
4419941080
2805752192
9171092511
7374675377
4085930359
4669511380
6201964862
3996079812
9183709619
4189736981
7417527393
3325465310
1669009806
4947668683
8434353250
9009521273
6659260080
7984043080
9248498458
8307640262
6176385324
5664580138
6395616000
5168112294
2766332373
7912785361
9492965767
3739878652
7576808461
2311290619
6299616821
6249496826
2419744260
9392028675
3842652315
5597619550
7178593686
6730168186
2378378762
9886303205
1992641645
2004554047
6617358394
8840157002
2961881022
6924108619
6480117946
4151950388
7896999173
7600759787
6635706277
8081877559
5119879267
3507348157
9897253153
6501050440
4029266534
4706805040
8472777512
7335781300
9965625112
2070530287
8884736555
6849858356
8511014641
8453443455
1184917321
1413500683
7397018309
3424151885
5711835531
9819308172
8920864420
7062000136
3981044403
6359143204
2511128738
2830508181
6353349759
2408353870
6439531875
4840282981
8152368272
3082511429
4540826957
2537105768
1880523105
5432090030
5298821326
6790026095
7637588240
9802348783
5891402345
1108752803
2529736936
2331655820
9793767304
7820742764
7042558945
4978362366
3895684542
7526390766
3870914993
9773779193
6630300417
6241725945
6767968738
8991376185
8361600673
8818273643
4255549809
4545664025
7076503692
7988614947
8704696313
5090113430
9211128233
9724954162
2520989916
3144023182
8218461353
8867064406
7530997684
8348073756
1151222880
8934792111
9343657455
3649210496
9130863793
8647679381
8266726134
4047343899
7014714265
7745733633
8455240500
5931185243
7533132411
7208555098
2480806269
4695826271
1986200878
8267978255
7560993331
4002852223
8608147600
2965546970
1017716335
6813448293
7216382314
7455900472
1453503206
8505717168
4839181927
1283125318
6990321742
3151096086
1446890457
7265405500
3631217495
8258675145
1057198133
1753248953
4503212591
4015583346
3980212001
2281333804
2476968370
2151396442
2297489002
5667882495
5413689404
1726886578
3192854831
5111000967
3220654339
3314166223
8892136861
4348408259
4368494433
9884648315
3700658786
6127761116
4436088042
9643218991
8973902663
5421991351
1097382480
8052178231
4348568237
7626268915
2668971520
5906088279
3760543809
5947215498
7921114310
4354665158
1401407028
8865813062
3063850119
7736645666
1794848989
9458732870
8125268600
7393959976
1569283085
9949834357
8565689122
9308258252
6824584652
7289590557
2954213956
4712074939
6754322106
4816002549
6994326956
7910310987
7591479691
4287472071
4790303713
9183964814
8688242771
1433933924
4936012207
5061230106
5869561683
2705572880
7806789740
7050999480
3956303761
7110384377
1746864249
7511799824
6206157490
3056135943
2798508837
3352602120
3545439974
9022162726
6812497709
2528614098
8955874797
1550864361
5519532423
4323444597
2895318943
5365194817
4022605758
9912538889
2082344917
1178035731
1361478038
8795340980
8329995925
4956516612
3186843401
9318661418
6941404072
3425353973
5378663512
2436787904
5571117423
3106262633
4286588189
6306279387
3143211131
2007937968
7312056774
4503842711
4770996046
6381834182
9865547528
1110023219
8500603894
6572512425
3264268798
4409247505
6174562764
1636170004
6106574066
4487495317
2119378988
5423373692
6344035493
7393214458
6873225533
4068247753
7507476353
7620330057
6822808595
5996002536
2382261001
2373834265
9243340217
2478758423
2151155082
4923380421
3863696620
6646534688
5031059852
9577271332
4448186286
9799959855
9000273679
2490524147
2973532563
2537193329
7073386022
6557716105
8665235102
6499456660
7992228081
2672549304
3030747498
7029471113
8676443134
9726401524
8277618481
3702357116
6257050966
2136376593
5019344885
9050907968
2263104335
7909643646
3433536797
1224141777
7905062019
4031720159
1499574327
5241143979
5372551277
1246118791
8148201229
7383665896
9280473547
4427855423
8694176127
6500254905
4677230629
8724688761
8752751960
1604886056
5418505125
5507358570
8920566940
8695773571
2003040608
8785060222
8512755698
5532746908
4750412641
7202175097
5195507003
7317587596
7671705137
9061694292
3092821605
6256660573
1651264132
2833353829
3902480052
6090686506
4170000041
7397635076
9030289598
8857271424
3469649321
7731373780
6177617913
5265765251
6788592353
4571234837
9121543875
4845310751
6390426074
5185801438
5621902421
7141431655
7834388404
8438091205
1954824790
2490394131
4550799883
4587422611
4470953380
7721718775
2069814025
9228290017
1884587751
3562371541
1657344029
3903428375
7572238364
3756167486
3237253610
1972527291
1086554829
5296133088
4090917729
9065717739
4817037626
9878609714
4179664864
5201687170
2353141786
5421877562
6042310434
5805696165
1833168460
1422652026
1717252861
3858470250
8896382942
8900032615
8252909555
2794575362
4725376179
3156999790
2728962031
1811223313
5966830471
6785399482
4156375465
8615853308
8632387900
4057345883
5506596039
9149095953
4215854215
2979675661
7022431781
6769579882
6242479889
7215067122
4390655039
4730704174
5325495122
6075343925
7354805478
7603641426
9176364366
2977689024
2876895250
6552194254
5596415513
7687644221
8350305761
9188557915
8629168921
6869337958
7826001857
5148115869
2771798247
4760137441
4048580761
2162363423
9337020800
6321909310
4760300326
7488215129
9523008616
3077472596
5821624867
3511312438
4548011763
1794409195
5376717271
5871366444
5304178007
2263819915
6334996539
8793763667
6512587166
1620381242
4446077333
9294953406
6953682270
1184825844
6654539315
7366056608
7563828666
8875708512
7543199098
8833261608
1192952044
1017284804
3784789396
1101152232
8640145878
3504172816
8499066725
1196864512
4113897788
7340808236
1568987353
7525736599
4889625798
2714944955
8337167081
5868280039
1395087467
1906464822
2136419881
6988324283
5409026542
8210090287
8892066184
2850001041
1288487620
3528943092
6989759034
2438792225
8777789051
8217936042
6916753891
9181476258
8725743106
9675577197
9438601570
1973346733
8166026496
4405303244
4839590231
9641582213
9626148417
1055019422
2705095367
2780610107
7123426146
5521818824
2072637951
9277272114
7166753111
9394803326
3200020018
2315178370
9691537137
2332882601
2889148908
5047421835
5293998377
7799460948
4504683472
3433957030
4854823656
8092892224
4768323182
8090744500
1146505522
4676333300
3171379214
2344327491
2707055095
1151588786
5580198554
1533159610
4519068330
5230825156
5429649769
4824944168
7367383290
7314558615
5229090257
2078794373
6734975622
9901309094
6486089595
4246715065
9538092669
4016519314
4668440904
1531820726
1045885697
2890152438
6303470936
4531144969
1404874640
8197396011
9817692613
9411076597
8980576675
1201264114
2240881671
3911775388
2707441574
1178370732
4590203889
3578494307
1730056601
2269241365
8223803978
8112433232
5446586375
8813720840
3485350798
9979216276
7311090907
5640594942
9607118370
9972715895
5989416158
8326427033
3867200719
6571208994
9828117611
9627185873
2535889305
3388905187
4689600319
2733725121
1998506673
4894740694
2042576966
8498690527
4757544748
1928836275
7601745596
3264367321
2376234955
3673648158
1016137421
8188573610
2232942592
6608141273
9553556571
7571860017
6153664317
5878060918
3404779174
2254728822
3455120300
4168471737
1672424629
4586096482
6916226517
8184043897
1749596277
5731145636
5436223526
8887294514
7598592092
4005797343
8026301106
9360773094
6775577976
3058854207
1748100405
3364283626
8575202268
4789210828
7877647837
3603524454
9475842830
4826605905
7211464963
6205641917
2704045661
6734827004
8979102822
2889184363
2402225998
3845863320
2341466878
6400024881
5353719861
3409656501
1030279742
4807255051
8138815666
3574135307
9942179295
6006036606
6915057974
6182040523
9452006375
5702062377
4202444592
8372698471
5288082979
5854781744
9957716895
8900004721
7541285883
5281097317
8854674565
2730907741
9271090754
7858526349
4823884224
5503276973
7797189441
4941567073
4977607232
6429049411
8225672998
2561009451
7141541022
9665429361
1338519508
1322588359
7645802874
2059229718
8431345469
2718838816
6550462250
1781914427
8640859328
5612146550
3904216986
5449299344
8439897504
9564499425
2600229628
2189682619
8645374819
6674302892
4276883708
2331576851
1704885791
3961145741
1631839322
9514275271
2691474519
3549100322
5754736577
9911520829
4244057612
3876567143
4950506579
6940921958
7396548946
2158961557
4937158689
5702239714
2341552481
3519654986
7587092533
6923852195
6901712125
2946072588
6719850488
2527178376
6075095126
1430966103
3059783678
2586808563
2938405160
1897981732
4750541012
3217055577
7605502632
7971351555
6404613757
6201399827
1635672091
2911696206
8162137108
3857392857
8160683690
6133364973
1759768114
3130247669
6192764497
6130920600
1441827342
6670380894
8571351992
3625346942
6859616617
7197733861
1093527026
7478611174
1421023390
6429659746
8263111003
3545659189
1694237089
3224399287
3881303723
8501998645
8870259106
3980962692
3368871337
9028363579
7304236321
9720416330
2545338164
6256486883
6877239787
9287650173
1301932833
7853181659
3993653152
4396112523
3420256570
7995038111
2302439914
8644215945
2455259680
7652646418
9891237424
3299867424
8914001297
1056630646
5886386175
2958453300
2761445863
4925071020
5199363162
7029942746
4739648573
9003313698
7490826298
8875127259
2116252763
5738796135
6785760741
4087416396
4347328517
6817194523
9323958432
5896913304
5023341308
4089053818
5312016436
2247733029
4937355233
5406551566
2863450086
7458344055
4977466052
1881427515
7325049922
2466037616
3212163061
6010437242
6807756471
3072687154
3681899968
9240778106
6337342949
6117554426
9791311681
1271524333
3709441339
7256091842
1896147594
1964403803
9934900376
5343919423
5850357393
3981306614
7806658759
5775678532
4473870416
9349874427
5821567038
7677298682
3223119717
4587557535
7202933218
6548512740
4920716960
3810866736
3313799926
8955006470
4243490758
9243972454
2285069240
4144328146
4864780174
5054113296
5599254952
3218926938
1076441262
1808833231
6928946917
3329345775
2760558947
3710684252
9392717990
7395349577
3974848088
7772124404
1255821166
2464870712
5144285201
7676587520
8412848804
2376347887
4480755408
3634075489
3560975223
5413562175
2376004616
6561198487
1269286149
3616454228
1648185993
1154427077
7527688097
1310361684
3390605147
6037659173
6723095321
1514242748
8249397067
4098509966
7675262549
3156849656
6622694637
2718003780
8107317973
3218993281
8088472210
8216790050
2829056538
1107650542
1951532354
3031047860
4183241618
4401625044
3673632704
1670180610
4911405029
6918766867
2667616011
3580519784
1616138900
3379696461
5076450814
4469343366
6131248782
4731025658
2440394936
3191560153
6923219572
6092865675
8301475405
4670951466
1231474034
5386670983
3422705114
1745595419
7210789454
9956619861
9126954368
6445289307
9543566369
9866907897
7732490713
5989390535
2539042152
7394659484
5718421516
6077390563
9840052739
6929166737
2038283186
2479843841
5369710432
9783744885
9445306147
6281921663
5573365825
6886460484
6451416912
7265915406
6543427358
5825933241
9093734474
8961008351
4505614265
9014906644
4952260961
7281079970
4599467972
