3583814630
2548620596
7061210229
2838564684
1412740350
4265146479
3070363466
1297213017
7234127788
3434194124
2104547093
9250887735
9987150052
9642845403
6267700437
1568667325
9918146927
9972932947
4883118134
4183792563
6440402417
1546429575
9670349740
8333403575
4945294734
4887209497
9926037528
8740178897
7601896890
8867520168
2054302968
4577864068
5499666927
9775496551
1309845519
7944355009
1707467695
2527254870
9125078200
8318602345
2302874164
6596542794
6948957884
1685568460
3560006985
7501885258
5275041469
2555374810
9559673780
3923029695
3544336954
9467459084
4335997278
7672564533
5815737877
3269160698
9082200228
5781806523
3779113972
7925651442
4597603678
9227909412
2046045196
3370167303
3131716067
3355037218
8527150092
8056039839
2995275002
7914165190
6816152092
6966108161
8787978816
1128218586
1429951654
5755281972
6478835828
7674091055
6723177827
2256803404
5058193793
7409008846
1785013831
9396593343
8626063573
8493882234
1076336180
5444682437
9568588658
4056054876
8030672411
8377988119
2109357546
2447084229
9854036666
4528080860
3210473454
8174499114
8893877139
9021592792
3399975863
6559522673
4336389160
8843488941
9471859727
1828656345
9646057831
4067855065
5755599104
7373836071
2150412232
7579454753
7361449205
4300037394
1478404600
2221611891
9446832406
8586788767
3743620052
2061566218
5511863940
1459862266
7167453627
7493485363
7087467658
9469309089
7880691300
4605616589
4158310428
5425501025
5598494741
5401568013
7430910090
9999531391
8465403723
5474531622
3459992432
6110746206
9718661992
9118994437
8188032499
6844859042
9740711023
8627224792
6580757872
6767445097
7717684139
8935687812
9481402817
9949554737
4333850687
8364357165
6597069711
8734078931
5389919159
3321458526
6008575645
7746413946
3748615902
1679649253
9006486172
7446728168
3777851918
4643644930
3669606088
2555002225
4436630670
7753584942
2773863273
4437721439
2383274693
6157760127
5045874052
3020736309
1495638963
9429792373
3358817104
3427059801
5584291757
1868608404
8463194911
1335205592
4242661194
8611673273
1190634137
6467280459
6332964600
9363054892
8802334243
7436155629
7945839098
2683533753
3599213298
1677532779
2121088050
7424800564
7410008062
6604033112
4528091580
9527404034
4410253606
3142200823
6667116188
4413101347
8114815919
6682818913
8632979467
1239251849
8988288447
9528166585
3968596387
2380458522
9879295450
5033607158
1268689766
6148205044
7094675561
7926428569
9994902032
8617275412
9955164826
5665735552
5111834918
9699469232
4473436737
9540152460
8249367424
6388948678
2443073747
9915366925
8142361303
3890647595
4058942932
6907637506
4099167366
6648095027
5025639993
8643147788
6508349425
4729244229
1262204012
8791268125
8056834209
9212871805
9826779387
3597416123
8552391160
8927870009
4271660678
6203275956
5964880670
8924562246
7697656911
2598232361
4399150785
8894798480
3210722221
7750495479
3133964126
5821517325
3005893986
3432876035
2464211643
7026891187
2862540853
8491267548
2945008486
6838766091
9800493527
9475259637
2169734476
1086550272
8021346567
6347002416
4053435612
6552682763
7926921779
1666144262
5584839489
8372683382
2087185084
4075192104
5295652153
3324012800
7906625114
5365151386
1130173153
6765059479
9752162478
1293383810
8053593924
1701527392
8528595357
9390834474
7277489832
6561419439
9829556704
9629296254
1302363290
2516172647
6424988172
8478642987
5398494383
6367132644
2064832482
3196752460
6563546307
2283835082
5611256464
3899790411
3058986295
7021489751
5273674789
2964901282
1074029612
3271356631
5397537797
6672191152
8005785029
7333222646
1283094745
5510910498
2306567967
3792275074
6625509821
8860620764
6058217488
2524093632
5560425809
8625616165
1074172282
3102952736
3648017268
2161742004
9928723699
5924707071
8470774813
7368772363
8913213122
9214501340
5947855829
6239545976
2364693287
7654864097
7811172103
4437668571
5911518748
3755238946
9962916556
4467100548
8711209328
6469934435
4278279701
4236662846
1926792485
2645135905
6684366243
8654187499
7739681241
7101501165
8523838587
4764460075
1310461827
8112367604
1151216043
6121690048
4218498057
1203163851
4032540679
6748693241
3149135450
2400324265
3093065906
2577145176
9337062650
8751573421
9556140056
9428790908
5960073122
5872390965
8220549186
8559484207
1662147539
2754599274
2820187497
2624210345
2989426535
9166821213
1007379372
6733845690
7022163143
3135267762
7391024086
8186647940
5497200057
9809101223
9454084982
8004510724
8220422999
9126128738
5690769738
1125321526
4186186165
9576174734
6908597635
5130367712
2580362639
8974078961
3832275811
7314563959
7658019006
7248435664
8793454872
8855025230
6983185222
2628961439
7541820426
7303662701
9296050636
4080306461
7842209876
9547921949
1563112845
8859310973
1030596645
4405680825
5094545443
3313724538
1126637570
3887197584
4963935244
6587801109
3979125929
7085937556
4028729121
3024927851
2567842230
9423719170
6439904073
5611458726
4714875475
8523195814
4345449315
6078284059
4224038262
4677534182
8269355816
7814146576
2686315596
1771971149
6524040891
8694431086
7669647773
1914624237
2415550187
6271494251
7807559917
5735274718
3511506171
2105556776
7489571492
2757677721
5479980812
1072782307
3034443771
9022968415
9558286833
8581405405
3377840922
6549569171
6047043801
5179514499
7096616737
1988488571
2516059032
2721150297
5919928103
9844358347
1370729311
6440367167
2346998055
7832998002
5634891684
9479362447
2865695179
9530038655
7326174116
7192449659
1173902464
2927611594
3143036795
2665736998
9505402251
6358892680
3069002572
1676791059
8375377209
8937398957
2676940358
5418112872
1372704554
7788905370
7700213462
6229187675
3153763114
4984277187
4814762454
8122985845
4710942882
8336563068
5906392349
3459814895
6814312866
9356400777
5725779824
4845535772
7728062811
8776088691
9096217775
1139340988
3846405331
6970275889
7475064643
8639580106
4843030117
3802387647
7735949177
6024023760
4252520575
8550984560
9451368273
9973677249
3725001124
8069548313
1800135543
3978221927
6834274662
8452733747
1673319269
4248519549
5976290219
9737127958
7969153282
6580111141
2752309053
5650438371
4894707543
9397828720
9919103057
7575556182
1380362229
3698157624
1554215508
6040089734
7041613004
2735864909
8862073979
1686868141
4319503472
7608193128
9054656203
5721126481
1216583795
3442971362
4697158813
8786551192
1346576711
9886313890
8002919402
1701392551
3488318446
6128903841
1051765493
2526572757
7626785588
1152176968
1007285327
1943353451
4591983591
3324923899
2822458602
2716946664
4913051233
7247132408
1598218474
5838030763
8474299504
9677660324
9811830990
1671262204
2312492268
6707008246
7178433830
7641061317
5285038401
8878989722
8027974871
1462012783
2130681793
5153198652
3414969462
5434536724
6059404878
7027667979
9252167483
2459093613
5126745091
1817343835
6792569061
2387093374
1684859859
2023623226
7210127293
2433184138
2371971097
5887130463
5698137674
7042070185
1122395856
6664392372
6212652078
8057705951
3881724313
9398015397
7735893956
3492623801
5855753698
1417395999
9687101791
9757539900
2129180331
1624915622
5909885172
4102698648
8997953321
5999239885
1083288653
5926726463
4822819113
8376042283
2824010628
4428121612
8984763408
6798429024
5795328957
5650432831
5489842157
7877260519
7858054867
1415862549
6386029294
4766686729
5649551809
8171276937
7053146353
2342696714
7529413309
8441756359
7012128632
1416768497
9017391118
5932552381
8737728745
3565673583
7207479228
6099871713
3063290117
5710657566
3466520980
1437401372
9903619447
9469637812
5750183913
7917112788
8326361817
9138417375
7343093368
6154189963
4400590970
3808400077
3490010211
5933281464
5573678959
3412459585
4456397189
2823260241
6550094695
6625124371
2738450668
7979424293
1052372315
6816634851
4871082902
4409433426
5946742418
8153575313
4206350426
9122012887
2207686838
7044193289
6306634554
3710995646
1459814171
3770419950
2909511912
1060300757
3957098158
4954392144
4340222657
6219464249
3298186675
3276044550
8641071408
9182281633
5294825411
4568292642
9451718112
4705703653
6778124465
6955752027
5653133248
6177139640
9659797964
9016787520
8429571004
4604908533
3644271263
5050994122
4060404878
8772347952
9902870126
6075642608
2919660428
3502298447
2308628652
2978885391
7974224953
7045805020
5499138620
3083655249
3854924931
3756332489
3828503837
6375320450
6259066340
9644642571
3562607564
7140829902
9450018069
3639868301
3497658846
5156554737
6805041670
9659838319
7848862907
4451858209
3259477150
4271492483
6073700344
6299517895
6385482040
1422624794
9823016272
9430508040
6284521970
5060947781
4542808148
9942794810
6620211772
5778965919
7445593958
1452729122
4590661127
3662650805
6983294603
2504600580
5407951018
4766023763
9785716988
8508851378
6639960983
2270850578
1220845347
9219541011
2652354101
4501210961
6289582115
9234704174
8463188591
9197253313
6079689504
1473545393
2271487423
2404747667
4148489688
1003169040
4243211258
1439776430
9339741556
7207324650
5144716581
1353182326
2161174383
7919135787
3373015303
1281449206
2708868777
7792422040
1606074118
2532083521
1065741480
4167244288
4067387061
8392416251
8787078037
2315294031
3960131040
2983043978
9134976056
6684929390
2941112468
8425988272
6386626857
3394419961
8698803900
1944059743
4358753583
3873272701
3162985545
6844903581
9852127842
4801727088
9179584854
1993467457
1659953637
5180848331
9865763119
7969325716
8493443242
5978381120
1154346951
2420153683
8359751447
4535995989
7624334244
1155484016
5042320810
2620923593
6763224291
3878648366
3001127242
6902909787
3263989510
6288838308
1226984400
7528260876
9166246132
8834526488
2608379295
2339302470
6446332956
8550457590
8094015744
7963520336
5647737050
7667211441
4893592258
2256096918
9978757923
5484820400
4135287419
2898418607
2579129285
2752775414
6678383145
7711441320
1314548238
7472346564
7222258828
9835552216
1554302513
8091796438
4704340769
9406329762
9539464997
4740676204
8758420154
4953482893
7013747214
2470588968
8473068176
1123012019
9054105879
7066788421
4267133185
1683851335
4213674501
8638685694
9715324166
1950969425
3009375408
7795115032
6023259912
3857889792
8310958472
6603358972
5765849138
4436030754
7639678129
5884194365
8369532716
7420705399
4837882404
1259986582
6472590845
2093698364
9307753494
3130695113
8851674365
2041046785
7432182090
3293362168
4704823941
4137011897
6504889106
3847838457
7698952895
9240635073
2751411539
1546725913
5311494060
6593602389
8247522501
7103683285
7753953580
9219231371
8480704238
8688446696
5137215036
1971624628
4724923406
6340294555
2275456470
7128634850
6583668086
1338932089
9699110162
3851492311
6670708814
7016887023
8616807700
7410586432
9576613607
7670672187
3708300489
5214940798
4143244313
9791688531
2036811718
5501838073
3172053150
4118559368
6797180922
4032393497
2531922601
7496610304
9803923750
4119327954
8712149644
7400028075
4759245515
9585407971
4076428537
5496741095
6817795354
1166325360
8633661692
2947537947
9618970908
9863641672
1763913916
5103081969
3088152773
1295605058
7337595329
3400511974
3632037775
9681161579
7536002687
3517860668
7666373298
4086337673
5613285077
5411614355
3210936815
2942332287
1568431147
6719441753
6980628344
5080078545
4454321357
9650292624
4378989247
8043592996
1127641962
6648017440
8812148591
1590604848
9936544114
5132326528
2720080951
9645963864
6970453119
8310813196
7870640269
3676974111
5856529016
8660001404
7674520948
7985683240
9870468081
8263233965
8453887015
9253643006
9230433434
4232043684
3059887520
7230280115
1471942088
9183707944
4178055804
5711601516
8340388547
2121402842
7342974668
3810562495
2443881838
9901193037
6313667494
6839144853
5653843792
1497894514
9134348015
2822539336
3583154401
7130349645
9268242092
4846467871
4159241752
3880972218
7736135435
1823641222
4257074848
4475202395
9570730823
2446407833
3829130641
9180287658
5298294846
7966353108
8901322411
8618927828
9121918473
1693583133
3600670972
3130835376
9874125291
6420941471
3586446825
6898518629
2714798291
6561098894
5433648483
3039174742
7351045655
7268184949
5864538032
2195650264
2546987806
1151927016
8586032188
3881437451
8363944899
2984102257
7289404622
6568991991
3615679568
3030327573
7003361411
8246420794
1678693523
3885815815
9210863832
5332512378
6419596017
6064107148
3302059481
4068021029
2211604661
1443078010
9892665850
5649160762
1349827206
4876588486
1814457873
9635801700
3752335345
3227160703
1596788052
7397659167
4218789667
1435699650
3721373039
4953623833
1666275421
1248122786
5864833625
5744247053
9349348093
8512355736
4979180259
8913276694
1202661249
6127650752
5050135352
2803676666
9568880985
5544899218
2058973911
7215430264
7331212821
3424878493
3816591840
3685736530
2694348140
5928547250
1552114101
5437217049
8908482419
7659835097
1155076326
1072099712
1638403943
2339083437
2620054939
3091858298
7076521684
8586987452
8221851606
2539244969
4746367989
5881458953
3052059876
2058365752
7399540155
9743886876
5310052189
9560753709
6158408633
2554824052
2128384706
7641369188
7662068308
8829351496
9757949040
9373675579
2087603709
2638396138
9209630274
4192525403
4182468808
1007071084
8514241674
8881665108
5758993725
2480723806
3385463093
1954149535
5480691324
5712833374
7261579531
1878916858
7207969852
4909152603
6722874606
9058417067
2318531113
7773209302
2762066135
5964500445
7621125488
4365190152
6890410563
6432176973
2687315301
2732733123
5710458819
4511789438
8323254912
9627876291
3614345070
8000968408
3379612405
3925724216
4057436386
3930511846
3370609123
3293631407
9125679020
4823373793
9543462715
4599717310
5515047412
2476030481
7435227550
9301624417
9020273773
4520369281
6657407496
4613299666
3479777412
1117341945
6965110911
4517509583
8549836619
5648237956
8851950172
9794737797
6756017432
9772879163
3542094211
7543131563
1758518082
9568545787
6145451059
8273518036
3566407392
7344482464
1247998663
7520714644
7781719325
5960430267
5634888407
6398253589
3639279929
7883372475
2301677676
2037019386
8312325375
1701527195
6243905829
3239152987
7487699434
6150380722
4499023022
4495997261
9475230212
3603635993
1038096051
7121959327
6636727261
2877800288
8559899138
1070725939
5709493398
9174810929
7999650175
2759611006
5885247504
6046186707
7209890208
9854572444
5559268339
5452495446
7992658009
4706252612
1209170089
7990765066
9576860943
3011266986
7604245664
5502981074
9803670921
9498435384
7714972256
4220577683
8226817316
5969308912
3702528733
4091459433
7817551173
9901371240
9095990075
4060864130
6654734022
4888396821
3906354767
5452765293
3484014636
1840940528
4523964530
4734478617
5459260327
4077724649
2527292870
8956397616
2706049328
8184047334
5900961619
1514084023
8163190593
2953029870
3796682993
8182630745
7271513526
2096830830
3479226878
6779573692
3293685439
5503299329
1718800677
8218414473
1731890065
2136706885
4508232281
3243890783
1532423521
2523931329
1607323092
1387142337
9425205681
5102487655
5086683792
9663083833
6740442809
1674248081
2605884925
1449347191
4069758391
7550228179
1214984169
7630112854
2952181168
7416046924
5357617245
2125939031
2453496597
7510862810
9281725216
9007636589
5751418357
7261791266
9432539083
1817708487
8073430007
6443709426
6040848028
4571032925
1483930551
2501341443
8346880275
3924530418
1923831062
4057556575
9464894040
3254625504
3697485699
5563553602
4000887120
5880520295
7042968564
9286704516
1783052800
8978002562
6247056184
5734068709
3669036370
1393151255
2133440051
5033946686
6009025238
5516314232
7102066856
8100835107
2920657440
9025024179
6323463565
8466567771
7694075030
1001198243
8451474481
7866808990
4921959962
1848748592
5678405760
9842601345
8787315584
8856347357
6813685597
6079304639
9580935880
9178434783
1116236962
2512743291
7692097060
4200009394
1217106519
8009475440
7578923269
9500358142
6329749908
5637756420
6921451941
8901020266
9859292367
9323732142
8309690502
9309195076
5452178571
3036343220
9387681522
7658179806
3598603779
5314364668
2108477374
9840725699
6522827425
9120131847
7148860987
5756068431
8866556427
2040146020
4019327400
3864532897
7885178674
9349076298
1554441965
1404013239
9340401408
2427596250
1474174992
9916874968
4226410589
6504803936
9850615953
9807662966
1820390074
6891275764
4894161515
8004748561
3547855218
3791206377
2732987303
8397673719
8305019453
7328921834
5619255655
3194779405
7940188357
6162595862
2123198540
5125495844
2768594283
3102751193
4128525535
6830657887
7074878838
8198394328
1470406495
8299847926
9436537406
1957938119
8506683628
7742274804
5260490886
2689466604
6116534347
7131467031
6429210703
5750883112
5041429512
4191016125
4137605939
2520556555
6268396589
2275829148
2769823927
3687170334
4071278812
2810251263
4042042954
6253402717
3805500146
7424418578
5498314357
2441732448
7805179182
4717263729
5050016691
1448732058
3909832322
9515142728
3450263144
9418610375
3913834178
9525479704
7942104807
3863783934
9435924511
6438231730
7016490498
5801493475
3575044419
2450008832
5636036315
4813097937
4207110225
7320114394
6287377099
4646265347
9202216920
4377113460
1173247959
8355984783
2873901393
4984597890
8600800734
8316636185
5777532399
7415905050
1396899657
5368816068
1457888709
2371412380
3086633982
6285205990
7132428398
4079355752
8361800137
3891719751
7250498531
1576774559
5930611322
1036418069
5314245243
7976362075
1207551656
9554889834
3458567867
6242807788
7212698199
9215996079
4773137181
4049987850
1819932169
8889891126
5610279344
8636194472
2322716896
2070689356
1387804772
4766768910
1955111317
1130058348
3801804099
2045064774
6978030432
5520127418
3034714375
4187304031
3452671577
7680571660
5289254185
8807296700
1855715911
2679195775
8916378415
5306698726
4149238190
5123963726
6727276576
5381682153
6037204679
2148515285
7302057967
4686357175
6644066481
3352329692
7849520325
4612373618
3395899454
2627111724
5111859037
4653718655
5114655823
6720321919
2341711989
1478367845
3066954877
3130474702
3256406613
2384517289
8657743347
9159405108
8173256443
3919170639
4759395014
2856841385
7139161593
3786059051
9713284159
4607543024
8308491318
5704407061
2195043936
6078821451
6342785960
7471714843
9497448407
6748005636
6105114342
1083620231
4343939989
4895271565
8684738098
5529088310
8786213891
9963325031
4792595065
9677511112
8785776241
1991347150
1782346362
4289010043
3823600805
9546034624
2508693040
9094320494
1856055842
2597591544
2676135677
6045981766
9185947337
9666727762
7018814435
7513744338
2316352781
2278567459
8784905633
9300994260
6820385570
7347112517
8107654576
1079802027
9622384909
4895305024
6789849639
8416731731
9246865052
1821299734
9224567445
5187574767
8807522546
6663296656
4519816303
9404016203
3152949335
7059602041
7761729535
9683238773
9690279002
8475335324
9338689831
3084366731
6377951521
5555021200
9657590403
1591946061
7356306092
4850968054
2431735712
1242872051
2850751531
6915161554
2036982579
8564687293
4777570363
7839972243
4885065022
1361480645
9125454209
9340741442
2523474806
7704251934
6372276216
9243741756
6026420390
1951577198
9320080303
8900602474
9253309973
9989852255
9230618082
9475590768
8855121749
6631425363
2579615274
6829880135
4925539631
6844410754
3297063398
7508437007
5915639231
2959514320
7790162155
4809633877
9200051846
4938653740
1701847147
8755853696
8559707175
1197882810
4583570384
8334538836
6080870856
1174400376
6550553198
8200976296
9169796725
8608996610
9840123154
3777280657
5905280437
4748046625
2190980467
5657670595
1042443342
1916301872
2341268357
8291493602
9400537372
4469615318
9403824083
5977055281
3945581620
2052274663
6517899333
3246285122
6702817523
7923491349
3155502577
3238953739
6502667851
5471259506
7711023486
9937459912
9120237187
2073946028
6262004204
3512256732
1717833580
9745735442
4728252749
9233521382
7719486024
5689553503
1592737862
5896409684
4559420123
9055704921
4438895713
6062674262
9936731388
6781330642
5788924088
5750838730
4019767831
1003012941
3744819234
7753700137
4930890201
7869383474
3761949144
4460963000
1823178906
9526078225
6503956074
9432282006
7543384567
5560367507
6040992455
2406530903
7925919968
3044338809
7887174450
2833492113
9873379932
7447595358
5799490027
9550093941
3335077011
2738388413
9631480941
1885358098
6576166855
4176686522
3757997007
9348196890
2724241971
7279701960
8492009602
5163152618
9793042368
8649580908
8935785012
4276268320
3033878184
8971491440
3882487144
8475137630
7905759971
7582092928
5765905942
4861623499
3247737092
2968655307
7298498543
9902855785
7873391832
3171629551
6023206501
4401945189
2486250560
4197781804
2755235254
4315881842
3012683930
2478255448
3133818095
4496931830
2472344184
5556990449
8466931368
3927822857
2824769731
5367716663
3795113714
5633691231
5508130197
4400664712
6874791913
7470791781
4692937835
3959556936
4069856239
4343240549
1746818452
7844795587
8010295709
8545040987
2023372358
7799854325
6820938923
3498057506
9940545738
6813079847
8445653448
2635644778
3045407608
9125199152
5947324948
2721898431
2399571759
7264908009
6683741518
4996407282
7075320317
7465600883
4006192451
4619389015
8302321980
4761884281
4279028513
7088506066
3183270013
8112621947
1072407566
4316608017
1152008602
4789009825
4400106451
2389443324
1100324126
3965655085
3299181427
8310228408
1278284863
4381295478
9765141975
2919320759
2531651112
5131328814
5494948089
9221795908
3548435943
3028512778
2201738778
3228485608
7778889598
9355225519
8804834301
8343839478
8464883652
5647829179
9063738273
5842944496
5139617445
7678624750
3018752533
7990320937
8087748509
4075558591
9353439591
4690383692
5746539940
9481668062
4384881847
4275736478
5853008620
8489126674
1245158927
4579006364
4178663747
5747375131
7177362988
9586578749
4066591219
5874970038
2249691280
7579621812
4358552541
7824320965
6808899537
7364634536
7605593481
1745929598
7460686373
1016392431
2609262782
2365579082
5510664598
9674904514
1984901674
7987590886
1673323187
2857728318
9608352903
1368396057
2153638040
1645940890
5596429940
4660144319
6879170142
3048152856
8354934698
8841729740
7767321289
8025187635
5642846906
2155560166
2048260206
5906430864
9493207804
9477451593
3064304966
8097657556
7807366828
5691632941
6165255309
9080603094
5267096361
5487787817
3979458947
2355807192
5665049492
1218769767
2786162274
5274001929
7000166380
6851798360
3227791277
5098862958
3192175299
9782740196
3127860257
2441115954
9194861012
1091925710
7522813622
5441733378
